数据包 0 (0x00):
00 50 00 10 00 04 01 00 01 50 04 00 00 00 04 00 50 00 54 00 00 00 00 00 05 00 00 50 00 00 00 00 00 15 00 05 00 10 00 00 00 10 05 40 00 40 10 00 04 00 05 40 00 15 00 55 00 00 01 50 14 00 00 00 01 01 54 00 50 00 00 00 00 05 55 50 05 55 50 00 00 00 00 05 00 15 40 40 00 00 00 14 05 00 00 00 55 00 54 00 01 00 00 05 41 55 40 00 00 40 54 00 00 00 01 55 40 00 50 00 00 00 00 15 55 50 05 55 54 00 00 00 00 05 00 01 55 40 00 00 00 15 01 00 00 01 55 41 50 00 00 00 00 01 00 00 00 00 01 40 55 50 00 00 01 55 00 51 00 00 00 00 04 15 55 54 15 55 54 10 00 00 00 00 05 40 55 40 00 00 05 55 41 40 00 00 00 00 40 00 00 5D

数据包 1 (0x01):
01 00 00 00 00 00 14 00 01 01 55 40 00 00 00 00 55 55 40 00 00 00 14 05 55 55 55 55 50 14 00 00 00 01 55 55 00 00 00 00 01 55 00 40 00 14 00 00 00 00 00 00 00 00 00 00 55 00 15 00 15 00 00 00 15 15 55 51 50 00 10 04 14 00 55 55 55 55 00 14 14 04 00 05 45 55 54 54 00 00 00 54 00 54 00 55 00 00 00 00 00 00 00 00 00 00 00 00 00 00 00 00 00 00 51 05 55 51 50 00 00 05 10 00 15 55 55 54 00 04 50 00 00 15 45 55 50 45 00 00 00 00 00 00 00 00 00 00 00 00 00 00 40 00 04 10 14 00 01 50 00 04 00 00 41 45 55 40 50 00 50 01 50 00 05 55 55 50 00 05 40 05 00 05 01 55 51 41 00 00 10 00 05 40 00 14 04 10 00 01 00 D0

数据包 2 (0x02):
02 00 00 00 00 54 50 14 05 51 50 00 00 41 51 55 55 41 55 40 54 01 50 05 15 55 55 51 50 05 40 15 01 55 41 55 55 45 41 00 01 05 45 50 14 05 15 00 00 00 00 04 00 04 00 54 00 50 01 50 55 40 51 51 51 55 55 41 55 45 55 01 50 01 55 55 55 55 40 05 40 55 51 55 41 55 55 45 44 45 01 55 05 40 05 00 55 00 10 00 10 00 00 14 00 55 05 50 00 50 15 41 55 55 55 55 55 55 55 55 54 05 54 01 55 55 55 55 40 15 50 15 55 55 55 55 55 55 55 55 41 55 05 00 05 50 55 00 14 00 00 00 00 00 00 55 41 54 40 40 15 15 55 55 55 55 55 55 55 55 54 55 55 41 55 55 55 55 41 55 55 15 55 55 55 55 55 55 55 55 51 54 01 01 15 41 51 00 00 00 00 47

数据包 3 (0x03):
03 00 00 10 14 45 55 55 00 40 55 55 55 55 55 55 55 55 55 55 55 55 55 51 55 55 55 55 45 55 55 55 55 55 55 55 55 55 55 55 55 54 01 01 55 55 51 14 04 00 00 04 00 00 15 01 55 55 01 50 55 55 55 55 55 55 55 55 55 55 55 55 55 55 55 55 55 55 55 55 55 55 55 55 55 55 55 55 55 55 55 55 05 40 55 55 40 54 00 00 10 05 00 40 55 01 55 55 05 50 55 55 55 D5 55 55 55 55 55 55 55 55 55 55 55 55 55 55 55 55 55 55 55 55 55 55 55 55 55 55 55 55 05 50 55 55 40 55 01 00 50 01 41 40 15 05 55 55 55 51 54 55 55 F5 55 55 55 55 55 55 55 55 55 55 55 55 55 55 55 55 55 55 55 55 55 55 55 55 55 55 55 55 45 55 55 55 50 54 01 41 40 72

数据包 4 (0x04):
04 05 41 54 15 05 55 55 55 55 54 51 55 FD 55 55 55 55 55 55 55 55 55 55 55 55 15 55 55 55 55 55 55 55 55 55 55 55 55 55 55 55 55 55 55 55 50 54 15 41 50 05 01 55 55 55 55 55 55 55 45 55 55 FF 55 55 55 55 55 55 55 55 55 55 55 51 15 55 55 55 55 55 55 55 55 55 55 55 55 55 55 55 55 55 55 55 55 55 55 40 50 00 01 05 55 55 55 55 55 55 55 15 55 7F 55 55 55 55 55 55 55 55 55 55 55 05 10 55 55 55 55 55 55 55 55 55 55 55 55 55 55 55 55 55 55 55 55 55 50 40 10 55 00 55 55 55 55 55 55 54 51 44 55 7F D5 55 55 55 55 55 55 55 15 55 55 54 55 55 55 55 15 55 55 55 55 55 55 55 55 55 55 55 55 55 55 55 55 55 55 00 55 79

数据包 5 (0x05):
05 55 40 15 55 55 55 55 55 55 55 55 15 FF F5 55 55 55 55 55 55 55 55 55 55 51 15 55 55 55 55 55 55 55 55 55 55 55 55 55 55 55 55 55 55 55 55 55 54 01 55 15 40 15 55 55 55 55 55 51 45 15 55 FF FD 55 55 55 55 55 55 55 55 55 55 54 45 55 55 55 55 55 55 55 55 55 55 55 55 55 55 55 55 55 55 55 55 55 54 01 54 15 05 05 55 55 55 55 55 55 15 45 55 FF FF 55 55 55 55 55 51 54 55 55 55 11 41 15 55 54 55 45 55 55 55 55 55 55 55 55 55 55 55 55 55 55 55 55 50 50 54 10 15 55 55 55 55 55 55 55 54 54 55 FF FF F5 55 55 55 55 51 55 15 55 54 45 14 45 55 55 15 45 55 55 55 55 55 55 55 55 55 55 55 55 55 55 55 55 55 54 04 1B

数据包 6 (0x06):
06 00 15 45 55 55 55 55 55 55 45 55 55 FF FF FD 55 55 55 55 55 55 55 14 51 44 51 51 45 55 55 51 55 55 55 55 55 55 55 55 55 55 55 55 55 55 55 55 50 54 00 00 15 55 55 55 55 55 55 55 55 15 55 FF FF F5 55 55 55 55 51 50 41 44 41 11 11 14 41 04 55 15 55 55 55 55 55 51 55 55 55 55 55 55 55 55 55 45 55 54 00 14 54 15 54 55 55 55 55 55 14 51 57 FF FF F5 55 55 55 55 51 14 51 45 15 14 51 05 15 14 04 15 55 55 55 55 55 51 55 55 55 55 55 55 55 55 55 45 54 45 54 14 50 15 51 55 55 55 55 55 55 55 57 FF FF F5 55 55 55 55 45 14 51 11 44 51 45 45 14 51 51 41 55 55 55 55 55 51 55 55 55 55 55 55 55 55 55 45 54 05 14 50

数据包 7 (0x07):
07 04 10 55 54 55 55 55 55 55 45 15 57 FF FF D5 55 55 55 55 45 51 45 51 44 45 51 44 15 11 55 45 55 55 55 55 55 04 55 55 55 55 55 55 55 55 55 04 55 04 10 50 01 55 50 55 55 55 55 55 51 55 55 7F FF D5 55 55 55 55 41 55 04 54 15 15 51 15 15 44 55 14 55 55 55 55 50 10 15 55 55 55 55 55 55 55 50 41 15 40 11 55 01 55 04 45 55 55 55 54 55 45 55 5F FF FD 55 55 55 55 55 55 51 54 50 55 54 44 51 51 15 45 55 55 55 55 50 51 00 55 55 55 00 55 55 55 04 44 55 40 55 55 40 55 41 04 55 55 55 00 15 15 55 41 FF F0 55 55 55 55 51 54 51 45 14 45 55 11 11 45 55 45 55 55 55 55 51 55 15 55 55 54 10 55 55 55 51 55 55 00 55 13

数据包 8 (0x08):
08 55 45 55 55 05 55 55 55 14 15 55 55 44 3F F5 55 55 55 55 45 54 45 44 14 55 51 45 15 44 55 51 55 55 55 55 55 55 05 55 55 55 10 55 55 55 50 55 55 51 55 55 55 55 55 45 55 55 55 11 14 55 55 54 5F F5 55 55 55 55 51 55 45 15 11 15 51 14 44 51 55 45 55 55 55 55 51 55 45 55 55 55 45 55 55 55 54 55 55 55 55 54 15 55 55 45 55 55 55 41 55 15 55 54 57 FD 75 55 15 55 55 55 15 11 54 45 54 45 51 45 55 55 55 55 55 55 51 55 45 55 55 55 41 55 55 55 51 55 55 54 55 50 15 54 55 45 55 55 55 50 55 55 55 54 55 FD 7D 55 55 55 45 55 41 45 45 15 45 11 45 44 55 45 55 54 15 55 51 55 15 55 55 55 45 55 55 55 51 55 55 54 05 B9

数据包 9 (0x09):
09 10 15 54 55 45 55 55 55 50 54 55 55 54 55 7D 5F 55 05 55 51 55 51 51 45 11 45 45 44 51 55 11 55 45 55 55 55 55 05 55 55 55 45 55 55 55 54 55 55 54 04 05 55 55 55 45 55 55 55 51 55 15 55 54 15 55 5F 55 14 55 51 55 14 51 44 51 45 14 51 45 55 51 51 11 55 55 54 55 15 55 55 55 51 55 55 55 50 55 15 55 50 55 55 54 55 41 55 55 55 51 55 55 55 51 55 45 57 D5 10 41 14 41 14 11 45 14 50 50 51 41 04 14 51 44 15 55 55 10 45 55 55 55 51 55 55 55 51 04 55 55 54 05 51 55 05 05 55 55 55 51 51 45 55 50 14 17 55 F4 55 14 45 15 05 44 45 14 51 45 11 45 14 51 45 15 15 55 54 10 41 55 55 55 45 54 55 55 44 14 15 45 41 E7

数据包 10 (0x0A):
0A 01 00 55 44 11 55 55 55 51 55 55 55 51 05 37 55 7D 05 15 44 51 45 14 50 44 45 05 14 14 51 45 04 11 45 55 54 44 15 55 55 55 00 45 15 55 44 10 55 00 40 00 40 14 10 40 55 55 55 51 54 55 55 51 01 07 55 5D C4 41 14 41 44 14 51 45 11 44 45 11 44 45 15 44 55 55 55 44 55 55 55 50 51 05 15 55 55 05 54 01 00 00 50 55 41 15 55 55 54 04 01 55 55 51 41 7F D5 5F 51 45 15 54 51 44 14 51 44 51 45 14 15 51 44 51 11 55 55 41 55 55 55 51 55 44 55 55 55 05 54 04 00 10 55 55 50 55 55 55 51 51 41 55 55 55 10 7D F5 73 D1 45 45 14 14 51 44 41 45 14 44 51 41 51 41 14 55 55 55 51 55 55 55 55 41 55 55 55 55 45 55 55 04 17

数据包 11 (0x0B):
0B 01 05 15 54 55 55 55 55 51 55 15 55 55 55 7D F5 55 F4 41 45 11 44 51 45 14 45 05 14 41 44 51 55 14 15 55 55 51 55 55 55 55 45 54 15 55 55 45 55 55 40 04 04 05 54 55 55 55 55 51 55 55 55 55 45 7D 7D 51 FD 51 45 14 51 11 14 51 45 14 51 51 54 51 04 45 05 55 55 50 55 55 55 55 41 54 55 55 55 05 50 14 10 00 15 05 54 55 55 55 55 41 55 55 55 55 41 7D 7F 50 7F 14 51 44 45 14 44 55 51 44 41 14 11 15 45 11 51 55 55 54 55 55 55 55 45 55 55 55 55 15 50 54 00 00 11 55 54 55 55 55 51 40 54 55 55 55 45 7F 7F D5 1F 14 51 11 44 51 55 55 55 55 14 45 14 41 45 14 55 55 55 55 55 55 55 55 41 54 41 55 55 15 55 54 00 6A

数据包 12 (0x0C):
0C 00 05 55 54 55 55 55 55 14 55 15 55 55 45 7F 5F F4 53 D1 45 14 51 11 55 55 55 55 14 51 45 15 10 50 11 55 55 54 15 55 55 55 41 55 15 55 55 15 55 54 00 00 01 55 55 15 55 55 15 04 55 55 55 55 05 7F 5F F1 45 F1 44 50 45 14 15 55 55 55 14 41 05 15 14 51 45 55 55 54 55 55 55 55 51 55 55 55 50 55 55 50 00 00 05 05 55 05 55 55 51 40 54 55 55 54 55 5F 57 FD 05 3D 45 15 14 45 55 55 55 55 45 15 44 41 45 15 45 55 55 55 00 15 55 55 45 54 51 50 11 55 55 50 00 00 14 55 55 41 15 55 55 44 55 55 54 10 55 5F D5 FD 47 7F 51 05 11 41 55 55 55 55 44 50 51 45 11 04 15 55 55 55 51 01 55 55 41 55 15 04 15 55 55 14 00 A8

数据包 13 (0x0D):
0D 00 00 55 55 50 41 15 01 04 55 15 50 11 55 57 D5 FF 51 47 45 44 44 55 55 55 55 55 51 11 45 15 14 51 45 55 55 55 55 41 00 50 40 00 00 45 15 55 55 00 00 40 00 55 55 55 00 04 51 04 41 00 01 45 55 57 D5 7F C4 53 C4 51 51 11 55 55 55 54 45 14 44 11 45 14 51 55 55 55 55 51 07 10 51 10 41 41 55 55 55 00 01 00 01 55 55 55 55 40 01 04 00 44 51 55 55 57 F5 7F D1 14 FD 10 45 04 55 55 55 55 14 51 15 44 45 11 15 55 55 55 55 55 14 10 41 10 45 55 55 55 55 40 00 00 14 55 55 55 55 05 04 10 51 04 15 55 55 55 F5 5D 45 05 7D 15 14 54 55 55 55 55 10 45 10 51 41 45 15 55 55 55 55 54 50 F4 04 10 11 55 55 55 55 14 00 32

数据包 14 (0x0E):
0E 00 00 55 55 55 55 54 10 10 41 05 55 55 55 55 D5 51 14 51 1F 45 11 45 15 55 55 55 45 14 51 45 14 45 05 55 55 55 55 55 5F F1 14 11 55 55 55 55 55 00 00 00 00 01 55 55 55 15 01 04 01 15 55 55 55 55 55 54 44 51 13 C4 44 11 55 55 55 54 51 41 45 04 51 41 45 55 55 55 55 15 0F F1 04 11 45 55 55 55 40 00 00 00 01 55 55 55 55 55 41 04 50 55 55 55 55 55 57 D1 45 14 54 FD 45 44 55 55 55 55 11 45 05 14 41 51 55 55 55 55 55 41 4F D4 41 14 55 55 55 55 55 40 00 00 00 55 55 55 55 55 54 10 45 55 55 55 55 55 55 F4 51 04 45 7D 11 45 15 55 55 55 14 51 44 51 51 15 05 55 55 55 5F 55 5F D5 11 55 55 55 55 55 55 00 00 D5

数据包 15 (0x0F):
0F 00 00 55 55 55 55 55 55 00 15 55 55 55 55 55 55 7D 51 51 41 1F 44 45 15 55 55 55 10 41 45 10 51 05 15 55 55 55 5F FC 1F F5 00 54 11 55 55 55 55 00 00 00 00 05 45 55 55 45 11 14 55 55 55 55 55 55 55 7D 51 45 14 47 D1 45 55 55 55 55 15 51 14 54 45 45 45 55 55 55 57 FF CF F5 47 D5 55 55 55 51 50 00 00 00 00 15 05 55 55 55 55 40 55 15 55 55 55 55 55 50 50 44 51 47 F4 41 15 55 55 55 10 54 44 14 51 45 11 55 55 55 55 FF FF F5 3F D5 55 55 55 50 54 00 00 00 40 14 01 55 55 55 51 40 55 55 55 55 55 55 55 14 51 45 11 45 3D 54 55 55 55 54 51 05 15 11 41 15 14 55 55 55 55 FF FF FF FF 54 11 55 55 40 14 00 00 0B

数据包 16 (0x10):
10 00 00 44 01 41 55 45 15 11 51 55 55 55 55 55 44 51 45 14 44 45 1F 14 55 55 55 55 45 45 05 14 51 41 44 41 55 55 55 FF FF FF FD 55 15 55 41 40 11 00 00 00 01 45 00 05 15 15 14 40 55 15 55 55 55 55 14 51 14 11 51 41 47 C5 15 55 55 55 11 45 14 45 14 51 11 51 55 55 45 FF FF FF F1 55 15 55 50 00 50 00 00 00 00 40 00 05 55 55 51 50 55 55 55 55 55 54 55 14 45 44 51 51 45 FD 55 55 55 54 50 41 45 11 10 51 45 54 15 55 5D FF FF FF CD 54 55 55 50 00 01 00 00 00 01 50 00 15 55 55 55 44 55 55 55 55 54 11 05 11 41 45 44 54 11 7F 55 55 55 55 15 51 15 15 45 11 41 51 41 15 7F FF FF FF 41 55 55 55 54 00 05 40 50 2B

数据包 17 (0x11):
11 04 01 55 44 50 15 04 11 01 54 55 55 55 55 45 45 44 51 11 45 45 44 1F D5 55 55 55 41 14 45 11 45 14 50 51 51 57 FF FF FF FF 00 44 11 04 55 01 55 40 01 05 14 15 55 55 45 54 51 40 55 55 55 55 55 44 55 51 14 50 45 11 45 51 F5 55 55 55 51 05 15 10 44 50 55 54 15 07 FF FF FF FF 10 44 51 44 15 55 54 14 10 01 45 55 55 00 45 55 55 41 15 15 55 55 54 14 10 45 14 51 44 51 45 55 7D 55 55 55 55 55 44 55 51 14 50 45 10 47 FF FF FF FF 04 51 14 51 00 45 15 55 40 01 51 00 40 00 01 04 51 04 55 55 55 55 54 51 51 45 10 45 51 55 55 55 5F D5 55 55 55 55 55 14 14 45 11 45 45 1F FF FF FF FF C0 44 01 00 00 00 00 55 40 79

数据包 18 (0x12):
12 01 04 00 40 00 05 45 15 00 14 55 55 15 55 45 15 14 55 10 55 55 55 55 57 F5 55 55 55 55 55 55 14 51 15 14 14 7F FF FF FF FF C0 45 14 40 00 05 00 15 40 00 00 00 55 01 15 55 45 14 55 55 55 15 54 11 14 55 05 14 54 44 45 55 55 FD 55 55 55 50 45 05 44 45 14 45 14 7F FF FF FF FF F1 41 11 54 00 15 00 00 00 00 00 00 51 55 55 04 51 40 55 15 55 15 54 51 51 15 10 55 11 14 50 04 14 7F C4 10 41 14 51 45 11 45 15 45 44 FF FF FF FF FF F0 50 41 05 51 40 00 00 00 00 00 01 55 55 55 55 55 40 15 55 55 55 55 45 51 54 54 41 45 14 55 51 45 17 F5 51 51 14 50 51 45 11 54 55 15 3F FF FF FF FF F0 51 45 04 51 55 00 00 00 0A

数据包 19 (0x13):
13 00 00 05 50 55 41 14 51 05 14 50 41 00 14 10 51 14 45 14 55 54 10 51 41 14 7C 45 14 44 55 55 14 44 14 15 04 FF FF FF FF FF F0 01 01 10 00 00 50 00 00 00 00 05 50 15 55 05 15 04 15 05 51 54 44 54 54 45 11 45 55 55 51 11 45 15 5F D0 45 14 55 55 44 51 55 05 45 FF FF FF FF FF F0 50 45 05 50 05 10 00 00 00 00 15 50 05 55 55 55 00 51 55 55 55 54 51 51 45 14 55 55 55 54 50 51 45 57 F5 11 45 55 55 54 51 11 55 11 FF FF FF FF FF F0 54 51 44 40 05 54 00 00 40 00 15 40 05 11 14 41 44 11 04 05 01 11 04 51 45 14 15 55 55 51 45 11 55 55 FD 44 55 55 55 55 14 50 45 44 FF FF FF FF FF F0 40 01 04 10 00 04 00 01 C7

数据包 20 (0x14):
14 40 01 00 40 05 55 15 55 04 14 55 55 55 05 14 54 54 45 55 55 55 55 15 44 55 55 FF D4 55 55 55 55 14 55 15 14 FF FF FF FF FF F1 45 45 14 50 01 00 40 01 54 05 00 50 01 55 15 15 04 14 45 14 55 04 51 55 45 15 15 55 55 54 41 54 55 55 47 F4 15 55 55 55 44 15 45 11 FF FF FF FF FF C1 45 15 04 00 05 00 50 15 14 05 01 50 01 51 44 51 40 41 01 04 01 50 51 51 45 14 55 55 55 51 51 05 55 55 14 FD 45 55 55 55 51 45 45 44 3F FF FF FF FF F1 00 41 45 40 05 00 50 14 00 15 55 50 05 55 55 55 50 55 55 55 55 05 10 51 51 05 55 55 55 54 51 44 55 55 15 4F D5 55 55 55 45 11 55 14 7F FF FF FF FF C1 54 55 15 50 05 55 50 00 46

数据包 21 (0x15):
15 00 15 40 00 05 45 01 05 41 00 04 41 45 04 54 55 51 55 55 55 55 51 05 51 55 55 41 53 F5 55 55 55 44 55 45 14 1F FF FF FF FF C0 40 01 00 40 00 01 54 00 00 00 00 00 05 51 14 51 41 14 45 14 11 41 14 51 51 05 55 55 55 55 44 14 55 55 44 45 FD 55 55 55 44 45 45 14 0F FF FF FF FF 00 45 05 05 10 00 00 00 00 50 00 00 10 01 55 55 05 40 55 55 55 55 45 05 14 54 55 55 55 55 51 14 51 55 54 54 51 4F D5 55 55 45 11 55 15 7F FF FF FF FD 04 50 45 54 40 00 00 00 05 55 01 55 40 01 50 40 11 40 00 00 41 40 41 45 14 51 45 55 55 55 51 14 50 41 44 11 41 45 FD 55 55 14 55 04 41 3F FF FF FF C4 41 44 00 10 00 00 55 40 55 F9

数据包 22 (0x16):
16 55 05 54 45 50 51 00 15 45 45 55 55 15 45 11 14 51 05 15 55 55 54 51 14 51 45 44 51 45 7F 55 54 50 45 14 51 7F FF FF FF 44 00 50 00 41 05 50 05 50 55 54 05 40 15 50 01 00 15 40 51 05 05 55 04 51 44 45 45 15 55 55 51 44 45 14 51 45 14 55 57 F5 14 51 41 45 14 FF FF FF FF 15 00 50 00 40 05 54 05 50 15 54 15 40 55 40 04 00 55 40 04 11 10 41 41 14 45 11 45 10 10 45 44 14 51 14 10 44 10 41 54 FF 45 51 45 05 3F FF FF FF FF C4 10 55 00 10 01 55 01 54 15 45 55 41 55 00 14 00 55 54 55 55 55 55 45 04 51 44 15 15 15 11 45 14 51 45 55 15 55 15 45 7F D0 51 45 14 FF FF FF FF FF C4 04 51 00 14 00 55 41 55 51 D3

数据包 23 (0x17):
17 01 55 05 55 00 14 00 15 40 00 01 14 10 11 45 11 15 14 45 45 51 45 11 05 04 11 41 05 14 11 53 F4 51 11 45 FF FF FF FF FF F7 00 40 00 14 00 55 50 55 40 01 55 05 55 40 15 50 00 04 14 51 45 15 01 45 14 45 14 51 15 44 45 14 51 45 04 51 41 11 45 54 5F 51 44 43 F5 FF FF FF FF FF C0 00 05 54 01 55 50 15 40 05 50 01 51 40 55 40 01 44 55 55 55 55 51 11 14 41 55 15 45 45 14 51 44 51 54 51 54 55 45 51 5F D5 14 5F FF FF FF FF FF FF F4 00 05 55 05 45 40 15 50 55 50 00 50 00 15 00 15 40 00 00 50 40 41 45 05 51 55 55 55 05 55 11 14 51 11 10 45 45 50 55 55 55 11 FF FF FF 3F FF FF FF CF D0 00 54 00 15 00 05 55 A4

数据包 24 (0x18):
18 15 54 01 55 40 00 00 55 00 05 44 05 50 11 45 10 50 55 55 55 15 55 14 55 15 45 55 04 55 50 55 55 55 FF FF FF FF 3F FC FF FF C3 F5 00 00 00 55 00 15 54 15 55 01 55 50 00 55 44 00 01 15 01 10 00 41 54 15 55 55 55 45 55 15 55 55 55 55 54 55 55 55 55 55 7F FF FF CC 0F C0 F5 03 C0 F0 55 00 05 55 40 55 54 05 54 01 55 54 00 55 40 00 00 15 41 40 01 40 15 55 55 55 55 55 45 45 55 55 55 55 51 51 55 55 55 55 5F FF CF C0 0F C3 F5 00 00 01 55 00 15 55 40 15 50 00 54 05 55 50 00 00 00 00 00 55 55 54 01 40 41 55 55 55 55 55 54 55 55 55 55 55 54 55 55 55 55 55 55 FD 03 C0 3F FF F5 00 00 00 00 00 15 55 50 15 00 B7

数据包 25 (0x19):
19 01 54 15 55 55 00 00 05 00 04 15 54 55 50 00 50 55 55 55 55 55 54 15 55 55 55 55 51 15 55 55 55 55 55 51 00 0F FF FF D5 50 00 10 00 00 55 55 54 15 40 01 54 15 55 55 01 00 04 00 05 14 55 55 40 00 55 55 55 55 55 55 55 11 55 55 55 55 55 15 55 55 55 55 55 45 00 0F FF FF D5 D0 00 10 00 40 55 55 54 15 40 00 54 15 55 54 01 40 00 40 04 14 04 55 40 00 04 55 55 55 55 55 55 50 15 55 55 55 51 45 55 55 55 55 55 11 00 03 FF F3 D5 00 01 40 01 40 15 55 54 15 00 00 50 15 05 54 05 40 00 00 00 54 00 55 40 00 14 55 55 55 51 55 55 50 00 55 55 55 55 55 55 45 55 55 55 44 00 03 FF 00 15 00 00 00 01 50 15 50 54 05 00 7F

数据包 26 (0x1A):
1A 00 40 04 01 50 05 50 00 00 00 50 00 14 00 00 00 55 54 55 50 55 55 55 00 15 55 55 55 55 55 05 55 15 54 00 00 F0 FC 00 05 00 00 00 05 50 05 40 10 01 00 00 00 00 01 40 01 50 00 00 00 00 00 00 05 00 00 55 55 55 55 55 55 55 00 05 55 55 55 55 55 55 55 55 55 00 03 F0 00 00 00 00 00 00 05 40 01 40 00 00 00 00 00 00 00 00 01 50 01 40 00 00 00 40 05 01 41 55 55 45 55 55 55 55 40 01 55 55 55 55 55 55 55 55 55 41 03 F0 03 00 00 00 05 00 05 40 00 00 00 00 00 00 00 00 00 00 00 00 01 54 00 00 01 40 01 41 55 55 05 55 55 55 41 41 00 05 55 54 05 41 55 55 55 40 55 55 40 30 03 C0 00 00 15 40 01 00 00 00 00 00 00 C0

数据包 27 (0x1B):
1B 00 00 04 00 00 00 00 00 15 00 10 04 50 00 50 54 55 55 55 55 55 45 55 00 01 55 50 01 55 55 55 55 55 55 55 00 30 0F C0 04 00 54 00 40 00 00 00 10 00 00 00 14 05 00 00 00 00 00 01 50 00 00 00 00 00 55 55 55 41 51 55 14 50 01 00 10 10 00 41 51 45 41 55 55 55 40 00 00 00 00 00 50 00 00 00 00 00 10 14 00 00 05 05 40 00 00 00 00 00 00 00 00 00 00 05 55 55 41 40 11 40 10 40 00 00 05 10 00 50 45 44 01 15 55 55 50 00 00 00 00 00 00 00 00 00 00 01 50 50 00 00 00 05 00 00 00 00 00 01 00 00 00 14 00 05 51 51 44 00 41 40 15 50 00 41 01 40 00 15 11 41 01 05 14 41 50 03 C0 00 00 00 00 00 00 00 00 00 50 00 00 0C

数据包 28 (0x1C):
1C 00 00 00 00 00 10 00 00 00 00 00 00 51 14 01 44 15 45 10 10 40 04 00 10 00 01 54 04 04 45 00 04 51 54 11 00 1C 50 00 00 00 00 00 00 01 00 00 00 00 00 00 05 00 54 00 41 00 00 04 00 00 00 00 00 00 15 04 00 00 00 00 00 00 00 40 40 04 00 00 00 00 00 00 11 54 00 10 00 00 00 00 10 00 00 41 00 15 00 50 00 00 15 40 00 01 51 00 00 00 00 00 00 00 10 00 15 50 00 00 05 04 00 10 41 05 41 05 00 10 00 00 00 00 05 54 00 04 00 00 00 00 00 00 00 55 40 00 05 54 00 00 55 41 41 51 55 10 00 00 00 40 00 00 10 00 51 50 00 04 00 00 10 00 14 10 11 40 04 04 40 00 00 00 05 45 00 10 00 40 00 00 40 00 04 55 45 41 41 55 00 8D

数据包 29 (0x1D):
1D 00 41 41 40 55 55 50 00 01 00 01 00 00 00 00 41 00 00 10 00 00 01 00 00 10 40 44 00 00 00 00 10 00 00 00 00 10 00 00 00 00 40 00 45 55 55 01 41 40 00 00 05 01 40 15 50 40 00 05 00 01 00 04 00 00 00 00 00 00 50 41 00 10 45 00 41 01 04 00 00 04 00 00 00 00 00 00 00 00 40 01 00 00 01 05 54 01 40 50 00 00 00 00 01 00 45 00 10 50 51 51 45 51 04 14 40 04 01 14 10 50 04 01 11 51 45 05 01 04 10 40 00 40 00 01 00 01 00 00 01 54 00 00 14 40 01 00 00 01 00 00 00 00 00 50 41 04 04 01 00 41 01 04 00 10 41 00 00 04 10 10 00 00 05 14 54 41 40 00 00 00 40 00 10 40 10 40 10 41 00 40 10 41 04 50 51 40 04 00 04 77

数据包 30 (0x1E):
1E 04 10 41 00 00 00 10 01 00 00 00 00 00 00 00 00 01 04 00 04 00 40 40 55 55 55 54 04 10 44 00 04 10 00 00 00 00 04 10 00 00 00 00 00 00 00 00 04 10 00 00 00 00 04 50 00 45 14 54 10 51 50 00 10 40 00 40 05 54 11 41 40 05 55 54 55 55 45 14 15 04 05 00 40 10 50 10 45 10 10 04 04 04 00 00 01 01 05 00 40 00 00 04 00 10 40 04 04 10 00 00 40 40 00 04 10 04 00 00 00 41 01 05 55 00 00 55 50 40 10 00 04 00 04 05 00 00 04 10 01 00 00 00 10 41 01 40 40 00 05 04 11 00 10 00 01 00 00 00 40 00 00 04 10 00 04 01 00 00 00 00 00 15 40 04 00 01 50 00 00 41 00 10 00 00 04 10 00 00 40 01 01 00 00 00 00 00 00 10 00 C6

数据包 31 (0x1F):
1F 00 00 00 00 01 00 00 05 15 51 44 04 00 05 10 40 00 10 54 10 55 44 54 05 15 55 40 00 05 50 54 05 50 41 00 55 41 54 14 00 40 04 10 45 04 10 05 50 01 10 00 40 41 01 01 04 04 04 10 00 44 00 15 45 01 40 40 00 10 00 00 05 50 11 55 55 04 00 40 10 00 04 00 05 51 41 55 45 11 00 00 40 00 01 00 00 41 04 00 44 10 00 00 00 00 40 00 00 00 40 00 00 10 55 44 10 04 00 00 04 00 15 41 15 55 55 50 10 00 01 41 00 10 00 00 55 50 04 00 10 10 00 04 00 00 00 00 00 40 00 00 10 10 41 00 40 41 05 00 54 00 44 54 15 55 40 00 41 00 00 10 55 04 55 55 55 54 00 01 14 40 01 04 00 11 55 50 15 50 04 00 54 00 10 10 41 00 04 00 00 9B

数据包 32 (0x20):
20 51 00 00 00 10 00 00 10 00 05 40 01 55 54 05 50 40 01 04 10 00 50 15 55 55 55 55 54 54 40 50 00 40 10 55 55 50 05 55 51 40 11 40 00 00 15 00 04 04 11 15 04 04 04 00 04 04 00 10 10 41 00 05 00 05 54 14 10 00 01 00 00 55 55 55 05 55 55 15 11 00 40 04 00 55 45 40 05 15 40 40 41 01 04 04 05 04 10 00 05 00 00 00 00 04 10 01 00 01 00 00 00 00 00 00 15 00 40 01 00 10 00 55 55 54 00 15 54 05 40 04 04 10 41 54 00 00 00 01 40 11 00 00 01 04 04 00 00 10 00 00 01 01 01 00 15 41 04 01 41 50 10 55 40 55 15 41 45 05 00 50 00 15 55 50 00 05 55 15 55 55 00 51 15 54 55 50 45 15 51 45 05 50 50 04 05 10 54 00 40 5D

数据包 33 (0x21):
21 00 40 04 00 00 05 41 00 44 50 45 00 55 51 55 45 41 05 14 50 40 40 15 55 50 00 05 55 15 44 41 41 04 05 50 55 50 05 55 50 01 04 14 15 00 00 05 55 00 00 00 00 14 14 10 05 40 40 00 00 01 40 55 55 54 01 45 55 54 55 00 00 00 01 50 04 01 55 41 55 55 15 55 41 40 55 55 15 45 40 10 00 00 01 50 40 01 55 50 10 11 55 45 55 01 05 55 15 50 55 41 55 55 55 55 55 51 55 15 04 00 10 00 00 00 00 11 55 45 55 40 55 55 55 55 55 55 15 51 55 51 55 15 45 50 00 05 50 54 00 45 41 55 54 00 15 51 55 54 55 55 55 55 55 55 55 40 00 00 40 10 01 00 00 00 40 00 55 55 55 41 00 00 05 55 55 55 55 55 45 55 05 55 55 50 04 15 40 45 40 F0

数据包 34 (0x22):
22 00 11 55 54 00 15 50 00 00 00 05 45 55 55 55 51 45 01 10 14 01 00 00 00 00 04 00 55 41 55 41 14 04 01 55 55 55 55 51 50 00 00 00 05 55 55 55 40 50 00 44 05 55 54 04 55 51 44 11 40 45 05 55 55 55 55 41 14 14 10 00 50 41 04 10 00 40 55 45 55 41 01 44 11 55 55 55 55 50 50 45 05 14 05 55 55 55 40 50 04 11 40 55 55 01 55 51 14 11 45 15 45 55 55 55 55 40 41 04 40 55 51 05 50 50 44 01 55 45 50 44 41 11 15 55 55 55 55 54 51 11 44 11 15 55 55 55 51 50 00 00 40 15 54 01 55 50 04 10 00 45 05 55 55 55 55 45 04 01 10 45 41 55 55 54 14 01 55 45 50 41 04 10 01 55 55 55 55 51 50 40 01 04 15 55 55 55 55 54 10 A8

数据包 35 (0x23):
23 00 00 55 55 55 55 51 00 00 10 05 05 55 55 55 55 40 00 40 04 01 51 55 55 55 55 55 55 41 40 00 00 04 01 55 55 55 55 50 50 01 01 00 05 55 55 55 55 40 10 01 41 55 55 55 55 55 05 54 55 45 55 55 55 55 55 51 15 14 51 41 51 55 55 55 55 55 55 55 55 51 55 05 55 55 55 55 55 54 55 41 54 15 45 55 55 55 54 00 14 00 45 55 55 55 55 50 04 10 00 55 15 55 55 55 55 51 04 10 10 45 41 55 55 55 55 55 55 41 40 41 04 04 11 55 55 55 55 54 51 10 04 01 15 55 55 55 50 04 04 04 45 55 55 55 55 50 40 00 00 05 15 55 55 55 55 40 00 00 00 05 41 55 55 55 55 55 55 41 40 00 00 00 05 55 55 55 55 54 10 00 01 00 05 55 55 55 40 00 00 B9

数据包 36 (0x24):
24 05 45 55 55 55 55 55 14 15 51 55 55 55 55 55 55 51 51 15 50 51 41 55 55 55 55 55 55 45 50 54 45 54 15 55 55 55 55 55 55 55 41 54 15 55 55 55 45 50 50 40 45 55 55 55 55 50 45 04 10 54 55 55 55 55 55 44 11 00 10 41 45 55 55 55 55 55 55 05 10 41 01 05 01 55 55 55 55 55 15 01 04 04 15 55 55 55 55 50 10 00 41 55 55 55 55 50 00 00 10 55 15 55 55 55 55 41 00 10 40 41 40 55 55 55 55 55 55 05 00 41 00 00 05 55 55 55 55 54 54 10 01 04 05 55 55 55 55 40 00 00 01 55 55 55 55 55 05 14 11 55 15 55 55 55 55 54 05 14 11 01 50 55 55 55 55 55 55 45 54 41 45 05 55 55 55 55 55 54 55 41 45 04 45 55 55 55 55 51 54 48

数据包 37 (0x25):
25 04 01 55 55 55 55 51 04 44 41 55 55 55 55 55 55 55 14 04 14 51 55 55 55 55 55 55 55 11 44 10 11 04 51 55 55 55 55 54 55 01 10 04 55 55 55 55 55 55 05 00 55 55 55 55 55 41 04 10 10 54 55 55 55 55 55 45 01 10 10 41 40 55 55 55 55 55 55 15 04 41 04 04 51 55 55 55 55 54 15 01 05 04 01 55 55 55 55 44 00 00 01 55 55 55 55 50 00 00 10 54 15 55 55 55 55 55 00 04 00 00 40 55 55 55 55 55 55 05 00 01 01 00 55 55 55 55 55 55 54 40 00 00 05 55 55 55 55 51 10 05 45 55 55 55 55 55 55 15 40 55 55 55 55 55 55 55 55 14 50 55 55 55 55 55 55 55 55 05 50 54 45 51 15 55 55 55 55 55 15 55 45 55 15 55 55 55 55 54 50 19

数据包 38 (0x26):
26 01 05 55 55 55 55 50 04 04 10 54 55 55 55 55 55 54 04 01 10 40 41 55 55 55 55 55 55 11 10 41 00 10 55 55 55 55 55 54 54 01 00 04 15 55 55 55 55 41 00 00 00 55 55 55 55 50 00 00 00 54 15 55 55 55 55 55 00 00 00 01 40 55 55 55 55 55 55 05 00 00 00 00 55 55 55 55 55 54 55 00 00 00 05 55 55 55 55 50 00 00 00 55 55 55 55 55 05 50 55 55 55 55 55 55 55 55 05 54 15 41 54 55 55 55 55 55 55 45 15 41 55 05 15 55 55 55 55 54 55 41 55 15 05 55 55 55 55 50 10 04 15 55 55 55 55 54 10 44 10 55 55 55 55 55 55 54 10 04 41 10 51 55 55 55 55 55 55 05 10 51 04 14 55 55 55 55 55 54 54 10 41 04 55 55 55 55 55 50 00 8E

数据包 39 (0x27):
27 00 15 55 55 55 55 54 04 00 00 54 15 55 55 55 55 55 04 10 10 01 50 15 55 55 55 55 55 05 00 00 01 00 55 55 55 55 55 54 15 00 01 00 15 55 55 55 55 50 40 00 41 55 55 55 55 55 10 15 40 54 15 55 55 55 55 54 10 10 40 50 51 55 55 55 55 55 54 15 50 51 41 04 15 55 55 55 55 55 14 55 04 14 15 55 55 55 55 44 00 05 55 55 55 55 51 55 14 10 50 54 55 55 55 55 54 14 51 14 51 45 51 55 55 55 55 55 55 15 10 44 44 50 14 15 55 55 55 55 55 01 44 45 15 45 55 55 55 54 10 05 50 15 55 55 51 54 10 10 10 55 45 55 55 55 54 54 10 04 10 01 10 55 55 55 55 55 54 05 00 41 01 10 14 15 55 55 55 54 55 04 01 00 55 45 55 55 55 54 00 DD

数据包 40 (0x28):
28 00 00 05 55 45 41 55 00 40 00 55 41 55 55 50 51 14 01 00 00 00 50 15 55 55 55 55 55 04 10 00 00 04 15 15 05 55 55 41 55 00 00 04 15 41 41 55 55 50 10 10 00 55 40 15 55 55 05 44 55 55 50 55 54 15 41 54 45 50 55 51 14 15 55 55 55 55 55 14 15 51 55 05 55 45 50 15 54 11 54 51 55 15 55 55 54 04 55 00 50 40 41 55 55 55 55 55 55 55 55 55 55 55 55 55 55 55 55 55 55 55 55 55 55 55 55 55 55 55 55 55 55 55 55 55 55 55 55 55 55 55 55 55 55 55 55 55 50 01 50 00 01 00 45 10 41 55 10 11 00 00 10 40 01 01 55 54 10 05 00 04 51 40 10 41 41 04 00 55 00 04 00 40 15 54 04 00 01 04 10 41 01 00 55 41 05 10 40 00 00 65

数据包 41 (0x29):
29 50 01 14 04 10 45 41 14 11 41 54 41 14 14 40 15 54 50 10 50 50 50 45 04 40 44 05 14 15 10 51 45 14 15 50 45 05 44 14 40 51 41 44 11 40 44 04 40 00 00 54 11 55 55 55 55 55 55 55 55 55 55 55 55 55 55 55 55 55 55 55 55 55 55 55 55 55 55 55 55 55 55 55 55 55 55 55 55 55 55 55 55 55 55 55 55 55 55 11 04 50 01 55 55 55 55 55 55 55 55 55 55 55 55 55 55 55 55 55 55 55 55 55 55 55 55 55 55 55 55 55 55 55 55 55 55 55 55 55 55 55 55 55 55 55 55 55 55 55 00 40 00 04 40 11 00 04 04 10 10 40 44 04 40 55 55 55 55 55 55 55 55 55 55 55 55 55 55 55 55 55 55 55 55 55 50 50 04 40 14 00 41 04 40 14 41 11 05 50 00 51

数据包 42 (0x2A):
2A 00 41 04 50 44 41 41 04 44 14 10 41 04 14 55 55 55 55 55 55 55 55 55 55 55 55 55 55 55 55 55 55 55 55 55 55 05 04 14 11 41 10 04 50 41 01 04 04 10 04 00 01 04 14 11 41 45 04 40 44 41 45 05 15 55 55 55 55 55 55 55 55 55 55 55 55 55 55 55 55 55 55 55 55 55 55 51 05 10 41 41 15 04 14 11 41 45 04 14 00 00 00 00 00 00 00 00 00 01 00 00 00 10 55 55 55 55 55 55 55 55 55 55 55 55 55 55 55 55 55 55 55 55 55 55 55 54 44 00 00 00 00 00 00 00 00 00 00 00 40 04 45 55 15 50 54 41 54 15 10 54 41 55 55 55 55 55 55 55 55 55 55 55 55 55 55 55 55 55 55 55 55 55 55 55 55 55 55 55 50 55 05 55 15 50 55 05 54 00 41 2F

数据包 43 (0x2B):
2B 00 04 04 00 40 41 41 05 04 10 45 15 55 55 55 55 55 55 55 55 55 55 55 55 55 55 55 55 55 55 55 55 55 55 55 55 55 55 50 40 41 40 04 00 40 41 40 10 40 40 00 00 00 00 00 00 00 00 00 00 01 55 55 55 55 55 55 55 55 55 55 55 55 55 55 55 55 55 55 55 55 55 55 55 55 55 55 55 55 40 00 00 00 00 01 00 00 00 00 10 04 01 05 54 55 41 54 14 50 55 55 55 55 55 55 55 55 55 55 55 55 55 55 55 55 55 55 55 55 55 55 55 55 55 55 55 55 55 55 55 41 55 05 54 54 41 55 00 54 15 00 10 10 10 01 10 05 04 14 41 55 55 55 55 55 55 55 55 55 55 55 55 55 55 55 55 55 55 55 55 55 55 55 55 55 55 55 55 55 55 50 01 10 10 10 50 01 00 10 40 FE

数据包 44 (0x2C):
2C 00 00 04 00 40 01 00 01 00 15 55 55 55 55 55 55 55 55 55 55 55 55 55 55 55 55 55 55 55 55 55 55 55 55 55 55 55 55 55 55 50 40 04 00 00 00 40 04 00 41 04 05 14 14 50 51 41 44 04 55 55 55 55 55 55 55 55 55 55 55 05 55 55 55 55 55 55 55 55 54 55 55 55 55 55 55 55 55 55 55 55 45 14 15 50 51 41 50 51 10 01 01 04 10 41 41 05 11 15 55 55 55 55 55 55 55 55 55 55 54 05 55 55 55 55 55 55 55 55 50 05 55 55 55 55 55 55 55 55 55 55 44 10 10 10 50 44 11 04 40 00 01 04 11 10 10 40 10 15 55 55 55 55 55 55 55 55 55 55 50 15 55 55 55 55 55 55 55 55 40 05 55 55 55 55 55 55 55 55 55 55 54 44 10 40 41 01 04 04 10 2E

数据包 45 (0x2D):
2D 04 41 00 40 00 00 00 00 55 55 55 55 55 55 55 55 55 55 55 40 05 55 55 55 55 55 55 55 55 40 05 55 55 55 55 55 55 55 55 55 55 55 01 00 10 00 01 00 10 10 01 45 05 14 55 51 55 15 55 55 55 55 55 55 55 55 55 55 55 40 05 55 55 55 55 55 55 55 55 00 05 55 55 55 55 55 55 55 55 55 55 55 44 54 55 51 54 15 44 51 00 04 04 10 00 41 04 05 55 55 55 55 55 55 55 55 55 55 55 00 01 55 55 55 55 55 55 04 05 00 01 55 55 55 55 55 55 55 55 55 55 55 50 40 00 01 04 01 04 04 00 00 00 00 00 00 00 15 55 55 55 55 55 55 55 55 55 55 55 00 01 55 55 55 55 55 55 00 00 00 01 55 55 55 55 55 55 55 55 55 55 55 54 00 00 00 00 40 00 00 9D

数据包 46 (0x2E):
2E 05 05 54 15 51 54 45 55 55 55 55 55 55 55 55 55 55 55 55 00 01 55 55 55 55 55 54 00 00 00 05 00 55 55 55 55 55 55 55 55 55 55 54 15 51 55 05 14 15 50 00 01 05 10 40 04 40 55 55 55 15 55 55 54 01 55 55 40 55 00 00 05 55 55 55 55 55 00 00 00 00 00 05 55 55 55 55 55 55 55 55 55 55 10 41 04 44 11 00 10 01 00 00 00 10 10 01 55 55 40 15 55 50 00 00 55 55 40 05 00 00 01 55 55 55 55 55 40 00 00 00 00 05 55 55 55 55 55 55 54 15 55 55 40 40 00 00 40 10 40 01 55 05 14 00 40 55 55 55 54 15 54 00 00 00 55 55 50 00 00 00 00 01 55 55 55 55 40 00 00 00 01 55 55 51 55 55 55 55 54 05 15 55 50 14 51 44 05 14 14 0C

数据包 47 (0x2F):
2F 00 01 04 44 00 00 05 55 55 55 55 54 01 50 15 55 55 54 00 00 00 00 00 55 55 55 55 50 00 00 00 05 55 55 40 00 00 15 05 41 45 55 55 55 10 41 14 10 40 44 05 10 04 10 10 00 14 41 04 15 55 51 54 55 51 55 54 05 00 14 00 15 54 55 55 54 00 04 00 00 00 05 55 40 00 40 14 55 45 45 55 55 55 54 11 00 04 10 50 11 00 04 40 00 01 04 00 00 00 51 55 54 45 01 44 00 00 00 00 11 54 50 00 00 00 00 00 00 00 14 00 05 11 55 55 54 41 55 55 55 55 55 51 04 51 45 00 40 01 00 14 41 51 14 00 00 00 00 00 00 50 10 00 00 00 01 55 51 55 54 04 00 00 00 00 00 00 00 40 15 55 54 51 45 54 55 55 55 55 55 50 45 55 55 55 55 45 14 14 50 33

数据包 48 (0x30):
30 01 00 04 00 00 00 00 00 00 00 00 15 50 00 05 55 05 55 55 55 55 41 00 00 00 00 00 00 01 00 00 00 00 55 55 55 55 50 00 00 15 50 00 15 40 00 00 04 10 00 00 00 00 00 00 00 00 00 00 00 00 00 00 00 00 00 00 00 00 01 05 55 01 04 10 40 01 05 54 00 00 00 00 00 00 00 00 00 00 00 00 00 00 00 00 00 00 00 00 00 00 00 00 00 00 04 00 00 00 00 00 00 00 00 00 00 00 00 00 00 00 00 00 00 01 54 04 00 00 00 00 00 00 00 00 00 00 00 00 00 00 00 00 00 00 00 00 00 00 00 00 00 00 00 00 00 00 00 00 00 00 00 00 00 00 00 00 00 05 55 54 00 00 00 00 00 00 00 00 00 00 00 00 00 00 00 00 00 00 00 00 00 00 00 00 00 00 00 00 00 16

数据包 49 (0x31):
31 00 00 00 00 00 00 00 00 00 00 00 00 00 00 00 00 00 00 00 00 00 00 00 00 00 00 00 00 00 00 00 00 00 00 00 00 00 00 00 00 00 00 00 00 00 00 00 00 00 00 00 00 00 00 00 00 00 00 00 00 00 00 00 00 00 00 00 00 00 00 00 00 00 00 00 00 00 00 00 00 00 00 00 00 00 00 00 00 00 00 00 00 00 00 00 00 00 00 00 00 00 00 00 00 00 00 00 04 00 00 00 00 00 00 00 00 00 00 00 00 00 00 00 00 00 00 00 00 00 00 00 00 00 00 00 00 00 00 00 00 00 00 00 00 00 00 00 00 00 00 00 00 00 00 00 00 00 00 00 00 00 00 00 00 00 00 00 00 00 00 00 00 00 00 00 00 00 00 00 00 00 00 00 00 00 00 00 00 00 00 00 00 00 00 00 00 00 00 00 00 35

数据包 50 (0x32):
32 73 63 72 65 65 6E 20 75 70 64 61 74 69 6E 67 0D 0A 45

