数据包 0 (0x00):
00 00 00 00 00 00 00 00 00 00 00 00 00 00 00 00 00 00 00 00 00 00 00 00 00 00 00 00 00 00 00 00 00 00 00 00 00 00 00 00 00 00 00 00 00 00 00 00 00 00 00 05 00 00 30 00 00 00 0C 03 00 00 38 E0 00 00 00 00 40 0C 00 03 00 00 00 00 00 00 00 0C 84 07 00 00 00 0C 00 00 00 30 F2 30 00 00 33 30 00 00 0C 00 0C 00 80 0C 62 C0 0C 10 10 21 40 00 14 20 C0 40 00 0C 10 C0 80 C2 0C 30 C0 C0 30 0C 03 00 10 10 40 30 C3 00 83 00 00 08 80 80 30 30 C8 18 C3 03 40 CC 14 04 00 40 20 10 C0 33 54 40 00 10 00 40 00 03 10 C0 40 00 40 80 80 40 02 48 10 10 40 20 00 20 90 48 08 20 60 0C 40 10 10 22 00 40 00 42 40 80 02 0C 00 AD

数据包 1 (0x01):
01 00 13 1A B1 64 E0 05 55 40 04 71 02 B6 17 01 52 08 31 41 05 9A 4A 19 66 1A 6A 69 A4 04 09 E6 A0 41 10 58 40 40 20 10 00 6C 04 84 40 01 40 40 F5 42 00 00 11 0A 10 0C 1C 01 54 C6 40 40 87 20 00 81 60 C0 04 46 0A 1B 58 6A AA EB AA EA 80 00 16 85 9C A0 60 AC 80 04 00 26 12 41 04 04 10 41 48 04 04 34 F0 00 00 40 26 00 20 40 1C 00 01 01 01 A6 00 10 01 34 10 99 49 A4 98 65 B6 13 79 27 80 40 16 4A 68 64 A9 A4 14 05 91 2B 62 4A 01 00 10 0A A6 04 00 10 00 0C 40 00 12 96 AC 50 30 11 40 05 14 80 44 54 AA 81 76 AA 81 69 E8 8D 92 8A 2B 61 10 59 09 63 69 00 81 A4 86 08 24 06 A9 0A 15 00 40 5A A9 01 43 08 14 31

数据包 2 (0x02):
02 00 40 51 34 2A 58 30 14 00 04 10 14 12 00 30 A6 80 06 59 C6 BA A4 9A 6C 06 9B 82 02 88 02 59 EA 34 C2 E0 00 18 08 68 9E 70 55 51 40 52 6B 20 31 4F 00 14 00 40 2B 0A A0 0C 05 00 01 11 55 4D 00 00 EA CF 29 A6 41 C6 26 5A 26 00 78 40 00 14 41 AA 86 04 12 18 69 04 69 08 48 52 55 50 02 A8 9B 60 00 50 00 00 10 20 8A 9A BE 60 00 10 40 01 55 42 04 1A E9 E6 1A BE 50 6D FB ED 69 92 29 45 04 20 05 17 87 10 40 04 10 00 80 10 C0 03 55 50 05 AA D2 93 4C 31 CC 00 40 44 C6 AD FA A0 40 01 40 40 17 4D 00 AA 87 AA 45 04 12 8A AA 89 BB 90 68 59 24 00 00 16 84 2D 33 1C 2A 00 01 B4 10 10 15 00 06 AA 5A A0 E1 C8 24 0E

数据包 3 (0x03):
03 05 01 00 39 A9 69 90 C5 05 41 10 D4 E1 40 1A 96 AA 8C 05 11 06 18 42 86 D6 5E 5C 80 04 40 55 91 04 C4 02 48 11 00 80 84 60 65 33 06 EE 22 A0 43 90 10 00 04 10 4A BA 2A A0 03 14 08 02 B0 01 10 6B F8 9E 40 06 A8 55 34 A9 20 83 05 5A 61 00 05 55 71 55 43 06 85 60 41 0C 00 02 73 C9 00 65 A8 50 00 3C 00 34 42 13 8A DE 86 B0 40 03 24 14 25 02 40 6F EB 29 01 01 E8 55 5A CD 1D 51 45 AA 6D 41 05 54 30 05 8C 10 38 01 04 35 58 5E 62 89 11 06 DB 30 45 07 34 09 99 0E 33 06 A0 C1 71 02 04 13 22 49 00 C1 5A CD 0D 41 35 55 51 42 05 14 51 4B 55 45 09 14 38 C6 45 34 46 55 54 C0 5D 30 62 A4 10 11 AA 10 05 4D 04 46

数据包 4 (0x04):
04 04 07 0C 10 6A 9C 35 58 05 30 AA A0 00 53 60 AA 40 51 15 01 55 52 A7 24 22 9A 06 15 14 04 1F 11 71 C5 8D 50 D5 54 F3 00 28 CC A0 84 41 69 04 1F 50 00 01 75 54 F3 6A AC 40 15 41 54 1C 69 10 42 43 AA 80 24 55 55 55 54 56 0A A7 86 C6 15 A0 05 54 40 50 CA 9C 18 C1 4D 1C F3 96 24 92 B5 80 C0 00 60 5E 3C 10 9D 54 30 C4 D3 D3 41 62 68 18 8D 60 25 10 D3 0F 14 59 45 55 55 5A 1B 69 A9 85 01 AA 85 64 57 8E 32 6B 26 35 C6 0A 2C 33 AA AF 20 52 53 41 35 55 00 2C E1 55 41 13 30 C1 55 64 A8 1A A0 45 1D 3C 13 35 15 59 41 55 55 55 4C 51 7D 85 45 EA 85 95 05 4C 4D C1 E7 06 55 4D 18 50 6A 68 60 83 51 50 15 55 04 80

数据包 5 (0x05):
05 10 19 55 55 5C F8 4A A7 A3 D4 1C 52 55 44 34 A4 C5 55 9C 05 55 55 55 68 AD 61 55 56 2A F6 11 45 41 33 70 39 DA 55 7C 34 6A 0B A0 6D 8C 29 50 CB 51 30 05 09 5F 5E 70 4D 22 B8 A2 E8 18 06 99 54 12 B9 15 55 15 05 55 55 55 69 29 55 55 6B 26 2A 16 41 4C C1 95 50 B5 75 55 42 C6 9E 7E A2 34 15 90 49 52 0C 00 73 50 40 1F 03 27 9A 6D A8 15 BB D7 94 A6 DD 55 55 55 01 55 55 55 78 55 55 57 AA 84 AA 17 80 24 61 8E 55 00 5A 55 42 5A 9D 86 91 1C 85 D0 23 AA 00 00 6C 45 05 22 DB 10 9B 65 90 3A 95 E0 EB 9F BD 55 55 54 54 55 55 58 6D 55 55 51 7A A6 9B 15 10 54 5E 22 17 0C 14 E6 81 57 A9 6A 8B 10 66 20 6D 25 30 C6

数据包 6 (0x06):
06 34 89 28 21 40 05 25 CA 18 91 1B F9 58 7B 7E 6D 55 55 54 58 55 55 54 56 95 55 50 6E FB EA C5 05 95 00 6A 8F BC 03 50 F0 1A A2 8A A3 38 6B 80 92 4A C4 00 41 34 31 1C 45 16 41 5D C8 1B E7 6D 27 AF 51 55 55 54 30 55 55 55 55 55 55 50 68 1A 36 16 05 41 61 A9 8F 81 C1 55 FC CE 1E B1 81 1C 71 C4 0E 8C 00 00 4E 10 44 50 D5 50 C0 55 07 2C 95 3A E7 6D 5D 55 55 5C 00 D5 55 55 55 55 55 55 55 AA 45 55 05 61 96 BA FB 0F 8C 16 8E 00 1A 60 0F 0C 8C 10 C0 41 00 20 20 93 42 14 23 8F 4C 00 24 16 F5 35 E1 95 55 15 55 50 F0 15 55 55 55 55 55 55 55 AE 85 C4 45 57 2B EB E9 35 0C 25 54 14 1A A8 CD 33 4F 70 45 41 04 19

数据包 7 (0x07):
07 30 41 16 45 25 50 94 31 0C EB E7 E4 2B 49 C5 55 D5 55 50 CC 15 55 55 55 55 55 55 55 EA C6 15 45 D4 AA 44 AA 41 52 D7 54 4D 2B 60 C0 44 31 E4 0F 20 D3 05 43 04 14 40 80 52 E3 CB 30 2B D8 10 71 5D 71 55 55 50 0C 15 55 55 55 55 55 55 55 55 45 55 45 95 3A A6 9A 50 58 14 41 45 04 50 43 42 C8 05 20 15 08 00 01 51 46 C1 00 72 18 10 64 14 74 D1 40 50 15 55 55 53 0C 15 55 55 55 55 55 55 55 55 55 55 45 59 EA CB AA 54 14 15 61 85 04 14 4D 1C 1C 35 E4 01 00 10 58 51 09 14 F0 4A D8 F0 6C 14 A4 89 44 20 15 55 55 53 0C D5 55 55 55 55 55 55 55 55 55 55 49 56 64 69 3B 09 37 19 51 09 05 CC 05 10 14 2B 09 05 00 41

数据包 8 (0x08):
08 34 50 B0 C0 0C 1E 4A A4 E7 A0 0B 19 E6 40 50 05 55 55 50 C3 15 55 05 55 55 55 55 55 55 55 55 45 1C 55 AA 45 4D 05 5C 06 04 36 83 00 43 C3 1A 10 58 18 00 81 02 AD 00 01 3D A8 01 14 17 45 37 94 54 15 55 55 54 A8 55 55 05 55 55 55 55 55 55 55 49 45 94 95 EA 85 4D 47 04 25 06 18 04 D1 10 0C 31 15 11 04 04 40 20 41 07 2D 92 A6 95 78 2E 15 20 00 50 45 15 55 54 54 55 55 50 15 55 55 55 55 55 56 50 41 65 09 E7 C5 C0 C8 D5 B1 ED 57 70 0D 30 60 4B 52 45 04 04 40 43 41 08 09 98 4E A5 64 00 55 14 10 50 00 14 55 54 D0 55 55 55 01 55 55 55 55 55 51 50 4D 45 C1 6D 15 1D 0E 15 54 80 54 0C 18 1C 01 0D 49 19 34 23

数据包 9 (0x09):
09 00 0D 02 38 10 02 AA 6A A3 40 05 00 65 84 01 40 40 55 55 11 55 55 55 54 15 55 55 55 55 54 15 45 9E 51 56 0D 0E 08 0A 95 D8 2D B4 D8 30 41 20 B4 4D 00 00 00 1C 10 10 7D AB 79 A0 F3 04 D1 72 55 44 11 00 15 55 55 55 55 54 15 05 51 54 10 15 55 55 45 6A A8 45 CE 80 F4 C6 D5 81 05 88 2D 08 C4 10 81 44 00 02 41 A4 01 10 4A 9E 63 AF B1 0D 51 6C 14 05 55 05 55 55 21 55 55 55 45 10 5D 41 54 15 55 55 45 DB AC 60 3F F1 33 C5 D7 83 03 20 04 32 48 50 41 12 18 20 00 03 84 03 08 5A A0 C3 C0 46 56 54 24 10 54 01 50 55 21 55 55 55 51 54 11 45 01 55 55 55 45 57 A8 53 3B 54 41 29 94 93 C0 D1 02 C0 03 45 31 83 00 40

数据包 10 (0x0A):
0A 11 40 10 D5 06 0C 4A 64 75 50 05 55 15 24 14 14 01 41 55 E1 55 55 55 54 45 14 51 15 55 55 59 C2 8A A2 A3 01 03 E0 35 57 10 54 0D 54 5B 41 00 50 40 43 00 34 18 00 04 40 0A D8 05 18 15 24 67 90 00 14 00 01 55 21 55 55 55 55 14 51 05 55 55 55 75 42 AC 4E AC 4C 71 4D 35 18 D3 33 00 40 10 50 55 08 10 D0 00 C0 11 00 C1 43 C1 1C 00 14 15 50 52 15 50 55 00 05 55 55 55 55 55 54 51 44 55 55 55 5D 86 42 AA 5A 65 30 90 43 45 50 05 0C B1 C4 10 10 15 35 50 04 10 45 43 05 10 10 40 38 E1 64 04 55 55 05 54 54 10 55 55 55 55 01 54 11 45 05 55 55 55 55 51 16 E8 8A E0 1D 42 D8 54 4F 36 C1 0C 33 90 04 CC 31 4D 08 03

数据包 11 (0x0B):
0B 19 49 4C 00 84 38 1C 04 C1 54 16 56 D0 2D 94 15 54 55 55 55 55 44 15 51 04 55 55 55 55 55 15 5E B6 A2 BD 09 4C 1C 25 0E 56 15 34 82 C8 E1 CB 20 08 34 30 CD 09 53 AE 05 14 11 35 54 16 55 90 A5 75 15 55 55 55 55 55 55 41 44 15 55 55 55 55 55 55 24 5E 9D 55 55 5C 06 15 40 0C 55 34 75 13 A8 23 43 14 10 04 70 00 50 53 40 11 45 09 64 07 45 14 D0 14 55 55 55 55 55 55 55 51 11 55 55 55 55 55 55 55 A5 5B AC 57 00 31 C1 05 3F 43 55 50 00 30 68 F0 44 0C 04 0B 69 40 2B 10 10 01 55 40 58 28 56 55 50 00 55 55 55 55 55 55 54 14 55 55 55 55 55 55 55 55 A5 5A B8 71 3C 31 C1 0C 32 4C 55 53 30 A0 77 1C F5 0F 00 91

数据包 12 (0x0C):
0C 10 61 1C 1B 64 11 41 5E 00 14 28 01 4A 10 01 55 50 00 55 55 14 55 55 55 55 55 55 55 55 55 55 01 56 15 50 F3 A1 41 8A D5 4D 55 52 2C 59 68 13 01 41 0C 30 40 45 04 01 02 05 08 05 58 28 71 41 20 00 55 50 00 55 55 45 55 55 55 55 55 55 55 55 55 55 55 55 54 55 50 43 55 A6 00 55 05 0C 13 2A A3 C8 42 79 0C 18 73 20 45 06 05 95 05 CD A8 1E A5 B1 A0 50 50 55 00 15 45 55 55 55 55 55 55 55 55 55 55 55 75 75 55 55 55 50 55 69 44 10 E5 30 02 5A A5 33 80 40 04 11 60 41 14 14 69 55 51 42 A4 36 A0 6E 10 14 50 55 55 45 55 55 55 55 55 55 55 55 55 55 55 55 45 55 55 51 95 55 51 79 94 43 0C E4 C0 5E 6A 96 10 41 C0 CB

数据包 13 (0x0D):
0D 04 54 50 40 49 94 55 51 45 B8 1A E0 13 50 00 50 15 55 55 55 54 51 55 55 55 55 55 55 55 55 55 45 44 51 70 41 45 55 EB 54 53 40 10 D0 0A F2 15 31 53 0C 10 46 40 4D 27 BF 75 14 06 A8 0A 91 62 A0 05 50 55 55 55 45 15 55 45 55 55 55 55 55 55 55 55 41 54 51 55 50 54 14 58 45 33 C4 00 33 00 06 80 44 59 08 1C 30 41 8A D9 90 25 10 06 FF 1E A5 6C B1 45 54 55 55 55 55 55 55 55 55 55 55 55 55 55 55 55 55 55 55 14 45 45 55 56 84 38 1F 14 05 50 1A 90 10 45 04 04 48 01 34 97 51 01 CF C5 08 29 55 56 01 55 55 15 55 51 55 55 55 55 55 55 55 55 55 55 5C 54 00 41 45 14 55 55 11 29 5C C4 1C 16 01 14 1A 94 21 40 04 B9

数据包 14 (0x0E):
0E 24 61 04 10 51 04 00 03 05 78 28 51 E8 61 55 55 40 55 55 55 54 51 51 55 55 55 55 55 55 68 54 54 55 15 55 51 45 45 48 63 85 C8 01 40 00 08 0A 10 53 00 01 50 49 14 45 49 40 50 45 98 1C 01 2B 85 55 55 40 15 55 45 15 55 55 55 55 55 55 55 55 52 55 58 55 54 45 14 54 55 57 81 16 11 40 45 91 50 07 1C 73 5C 00 54 03 16 52 13 51 40 3C 07 0D 01 54 45 55 55 40 01 45 55 55 55 55 55 55 55 55 55 5E 15 54 30 51 45 51 55 15 51 2A 5D 54 30 51 04 91 41 48 25 51 14 30 91 81 55 44 51 50 42 08 31 40 45 E9 85 55 55 4F C0 15 55 55 55 15 55 55 55 55 55 5A 15 53 CF 14 55 54 45 45 55 5D A8 55 30 41 2A D4 40 D9 09 51 04 39

数据包 15 (0x0F):
0F 04 00 49 55 40 44 44 AD 40 54 00 01 6E 55 55 55 53 BF C5 15 54 55 55 55 55 55 55 55 5A 95 53 84 15 44 15 45 45 14 51 28 51 04 01 18 95 00 01 45 55 10 00 D0 71 D7 51 41 07 2A 10 15 45 51 51 55 55 55 50 0F 0C 54 55 51 54 55 55 55 55 55 55 55 53 1C D5 15 51 51 54 51 46 D4 55 04 41 26 51 05 01 25 55 14 00 50 A0 14 5D 45 82 04 50 50 C5 55 8A D5 55 55 53 42 CC 15 55 55 55 55 55 55 55 55 55 55 5C 4C 14 55 45 14 56 25 56 2E 14 C0 41 10 10 40 41 20 51 04 30 01 4A 50 44 12 54 05 01 52 95 55 6D 55 55 55 53 FC EF C1 51 55 55 54 55 55 55 55 55 55 51 C6 15 44 55 55 16 14 51 8A 51 45 14 16 11 80 02 B8 51 48 82

数据包 16 (0x10):
10 20 42 11 04 45 50 11 13 05 52 85 56 E1 55 55 55 57 FC 33 FC 15 55 55 55 51 55 55 55 55 55 53 0C 14 55 11 86 16 D8 15 98 61 05 55 6A 90 51 50 18 00 50 01 10 B2 04 05 41 04 02 85 54 35 56 A8 55 55 55 54 FC 42 3F 05 51 55 55 55 55 55 55 55 55 53 4D 14 51 54 6A 04 85 54 57 B5 05 14 72 85 00 04 08 50 00 00 41 81 15 55 05 56 08 11 55 55 57 85 55 55 55 54 FF FC 38 09 55 55 55 55 55 55 55 15 14 54 54 55 51 45 79 1E 85 14 52 88 55 14 A1 D0 41 06 B0 41 04 34 02 84 10 55 40 11 0A 14 55 55 5A 96 55 55 55 54 FF 07 0C 55 55 55 55 15 55 55 55 55 11 14 54 51 45 45 28 6A 86 15 1A 68 05 61 64 51 10 40 44 00 0C 8B

数据包 17 (0x11):
11 05 12 2C 50 41 60 60 4E 09 54 55 56 E1 55 55 55 54 FF CB D1 55 55 55 55 55 55 55 15 41 54 51 00 54 55 55 55 04 16 05 54 69 16 2B 49 04 01 14 A5 14 14 00 A0 04 44 51 41 50 41 81 54 15 72 15 55 55 55 55 FF C3 05 55 55 55 45 55 55 55 41 14 45 45 55 55 11 11 45 55 55 54 51 F5 06 1A 85 50 40 02 A0 10 00 08 91 45 10 50 45 00 41 B9 14 15 A9 AD 55 55 55 55 3F 2C 45 55 55 54 55 55 45 10 54 54 51 45 19 15 54 54 44 01 04 51 45 45 0A B6 45 41 44 04 45 04 00 0C 31 81 41 20 74 50 41 8A E4 46 09 55 55 55 55 55 0C 4C F5 55 55 4B 85 11 04 51 45 14 51 45 20 50 55 55 40 10 14 51 45 51 05 D0 05 00 04 11 29 04 10 EF

数据包 18 (0x12):
12 24 60 80 54 41 01 50 41 58 50 41 BD 55 55 15 55 55 49 53 05 55 55 5E C4 51 54 51 45 14 51 45 21 55 11 05 05 44 00 55 51 15 16 55 45 55 05 05 A8 10 40 00 41 11 54 44 51 51 10 5A A1 51 A4 15 55 55 55 55 55 54 25 59 54 14 51 45 45 14 51 45 14 51 21 45 55 55 28 41 50 51 45 45 05 45 45 40 54 15 61 41 04 00 11 41 50 50 55 50 10 5D 42 82 D5 55 15 54 55 55 55 54 15 55 55 5A 05 55 55 55 55 55 55 55 55 55 55 55 6A 01 04 15 55 55 05 55 45 50 05 54 69 C5 00 00 41 11 00 50 66 50 41 55 4C 32 95 55 54 55 55 55 55 55 15 55 55 5E 85 55 55 55 55 55 55 55 11 55 55 58 78 10 04 15 55 55 15 54 15 55 04 54 A9 04 10 CA

数据包 19 (0x13):
13 00 50 45 44 12 49 94 41 69 CF 30 51 55 55 55 51 55 55 55 55 51 55 55 55 55 55 55 55 55 55 55 55 55 55 5C 50 44 41 15 55 55 15 55 15 04 15 55 14 90 50 0A 11 12 10 41 55 90 10 55 83 0C 55 55 55 51 55 55 55 55 55 50 05 55 55 55 45 55 55 55 55 55 55 55 55 55 50 41 04 15 55 55 15 54 45 55 55 51 46 91 04 04 04 40 10 40 65 54 11 65 C1 31 55 50 00 00 15 55 55 55 55 55 41 55 55 55 55 14 51 45 14 55 55 55 55 55 55 10 41 55 55 55 55 51 05 55 54 10 5B A9 04 30 04 59 45 11 67 54 41 69 4C C0 55 40 41 14 11 55 55 55 55 55 50 55 55 51 55 55 55 55 55 51 55 55 55 55 50 11 00 55 55 55 15 51 55 55 54 00 44 69 34 09

数据包 20 (0x14):
14 26 18 02 94 51 56 98 11 56 C3 1C 55 45 14 45 11 55 55 55 55 55 55 15 55 55 55 55 55 55 55 55 55 55 55 55 54 04 50 55 55 55 05 51 41 55 55 05 01 2D 00 00 6A 4A 10 50 15 54 11 95 8E 0C 55 04 10 41 04 55 55 55 55 55 55 25 55 55 45 55 55 55 55 55 55 55 55 55 55 01 04 55 55 55 15 4F 31 04 55 05 45 85 10 00 A9 99 00 54 35 94 C5 A5 52 C5 54 10 51 41 44 55 55 55 55 55 55 45 55 15 55 14 51 45 14 55 55 55 55 55 54 50 10 55 55 55 05 34 74 55 14 01 44 58 00 04 87 AE 14 15 45 94 41 59 51 51 54 51 41 11 11 15 55 55 55 55 55 45 55 55 55 55 55 55 55 55 55 55 55 55 54 45 14 55 55 55 55 12 11 55 40 41 44 A2 04 86

数据包 21 (0x15):
15 03 42 41 04 45 41 60 41 76 51 49 50 04 15 44 10 45 55 55 55 55 55 51 55 54 55 55 55 55 55 55 55 55 55 55 54 40 50 55 55 55 05 07 4C 55 15 11 11 06 00 00 51 44 45 41 50 50 41 65 90 05 A1 44 15 51 45 05 55 55 55 55 55 52 54 55 55 55 55 55 55 55 55 55 55 55 54 10 14 55 55 55 55 3C D1 55 15 50 45 99 04 00 41 04 11 01 54 14 10 56 55 55 41 05 05 50 41 45 51 55 55 55 55 57 55 55 51 45 14 55 55 55 55 55 50 04 00 10 01 55 55 55 01 14 F1 45 50 01 01 88 00 04 44 14 41 01 44 10 44 59 66 A5 44 11 55 54 41 05 55 55 55 55 55 54 55 54 55 55 55 51 55 55 15 55 0A 8F FC 45 01 55 55 55 95 04 41 14 00 05 14 18 14 F7

数据包 22 (0x16):
16 00 45 04 11 40 04 50 41 17 5F 85 84 50 15 55 14 41 55 55 55 55 55 54 55 15 55 55 55 55 55 55 55 55 26 8F FF 10 54 55 55 55 55 1F 61 14 11 54 52 59 10 00 41 10 42 14 10 41 50 16 58 85 04 11 55 54 11 50 55 55 55 55 55 54 95 45 55 55 55 55 55 55 55 55 26 FF FF 03 00 55 55 54 C1 51 45 04 54 10 44 81 00 00 41 14 41 14 41 05 54 55 96 06 10 44 55 55 04 14 55 55 45 45 55 55 15 41 54 51 45 55 55 55 55 55 29 3F FF 3F 45 55 55 55 55 11 45 54 14 05 06 41 04 04 51 05 A4 41 05 10 54 15 55 54 71 41 15 55 14 10 55 15 55 55 15 55 15 52 55 55 55 15 55 15 55 55 46 FF FF FF 10 55 55 E1 05 54 05 15 44 04 45 68 00 DC

数据包 23 (0x17):
17 10 11 40 A8 55 04 11 54 1A 68 64 10 45 15 54 11 44 15 55 51 11 14 55 25 54 55 55 55 54 55 55 55 55 46 FF FC FF D1 55 56 B1 15 15 45 00 40 50 52 24 10 00 40 51 10 45 40 41 54 55 55 54 50 41 15 54 41 14 55 54 54 54 55 55 05 55 15 55 55 55 55 55 45 55 48 FF 3F FC 81 55 55 85 05 16 45 50 00 11 68 11 44 00 50 46 15 01 45 10 54 16 55 90 85 14 55 54 50 41 05 55 55 15 45 55 45 55 85 14 51 55 51 55 55 54 43 03 3F FC 41 55 55 55 05 50 85 55 45 05 29 81 00 00 11 2A 8A 05 00 51 54 1A 69 61 01 04 99 54 51 45 05 55 05 14 51 45 41 55 50 55 55 51 55 55 55 03 5D 75 BC 30 55 55 55 55 15 56 45 54 15 4A 01 51 00 9E

数据包 24 (0x18):
18 14 19 A1 95 15 10 41 54 55 75 51 41 04 5A 54 04 11 45 55 54 51 45 14 51 55 54 05 55 55 55 54 50 F7 FF FF FE 50 51 55 55 54 41 14 85 40 14 18 58 14 00 28 62 49 11 55 14 10 54 19 59 70 45 14 15 D4 51 10 45 51 51 51 45 14 52 51 55 55 55 55 54 55 41 7F FF FF FF FF 01 B5 55 55 51 14 05 51 15 14 61 04 10 00 A0 A0 45 50 01 10 00 5B 66 71 04 11 16 54 44 44 45 45 14 54 51 45 54 15 55 55 45 15 15 55 1F FF FF FF FF F9 45 97 95 53 91 54 55 55 15 58 05 45 00 00 61 84 55 41 41 05 10 55 95 61 04 11 46 98 11 11 11 54 54 51 51 45 15 15 55 55 55 55 55 50 FF FF FF FF FF FF FC 59 6D 50 C1 55 45 55 55 55 10 41 00 F9

数据包 25 (0x19):
19 03 68 18 15 50 44 41 14 15 9D 41 45 04 1D 54 44 44 45 45 15 14 51 45 15 49 55 55 55 55 55 4D FF FF FF FF FF FF FC 19 66 72 4C 11 04 01 15 56 14 51 14 01 84 40 54 50 10 41 00 D6 59 04 01 10 44 10 41 11 04 51 45 14 51 45 15 50 51 45 15 55 55 37 FF FF FF FF FF FF FB E6 56 4F 1C 15 15 14 55 52 45 04 00 04 04 41 55 54 41 11 04 16 54 44 50 45 04 11 45 05 11 51 45 14 51 45 18 54 01 55 55 51 45 37 FF FF FF FF FF FF FF CD 9D 4C 1D 55 14 55 55 55 41 45 00 30 10 50 55 54 10 41 45 15 96 41 12 04 11 41 04 44 41 45 51 45 14 55 5B 15 50 55 55 55 54 7F FF FF FF FF FF FF FF D1 65 B4 C0 14 45 04 55 64 51 05 00 A6

数据包 26 (0x1A):
1A 09 10 41 51 55 04 15 50 15 D5 48 05 10 52 45 04 10 51 45 15 45 14 55 6E 85 55 55 54 55 50 FF FF FF FF FF FF FF FF F8 65 41 E4 15 05 11 15 6A 18 48 04 22 A1 01 54 55 05 15 50 46 45 05 A0 45 59 55 51 14 41 55 55 55 55 51 5A 05 55 55 55 55 53 FF FF FF FF FF FF FF FF FF 5A 72 07 51 44 54 15 55 A8 46 00 00 61 45 55 45 04 15 54 05 15 01 81 16 97 A6 54 11 10 55 54 55 55 55 45 55 55 55 15 55 53 FF FF FF FF FF FF FF FF FF 95 5B 41 51 45 05 55 55 69 91 00 13 40 05 51 55 04 55 14 05 59 D0 14 59 94 51 97 10 51 55 55 55 55 55 71 55 55 55 55 45 4F FF FF FF FF FF FF FF FF FF 1A 55 51 28 45 14 55 69 A1 A1 04 84

数据包 27 (0x1B):
1B 14 99 05 55 55 04 55 54 51 96 1A 8A E5 69 5D 65 14 10 55 15 55 15 55 61 51 55 55 55 55 4F FF FF FF FF FF FF FF FF FF 16 90 51 A8 04 10 16 59 54 85 08 04 A4 45 14 51 10 51 54 45 95 0A 4A 86 5D 94 55 04 44 55 55 45 54 51 55 50 57 51 45 55 07 FF FF FF FF FF FF FF FF FF E5 64 11 E8 59 15 46 51 54 41 04 30 A2 C5 55 55 04 55 14 05 D6 12 C6 C6 59 16 99 04 51 55 51 55 55 55 55 57 95 55 55 45 7F FF FF FF FF FF FF FF FF FF B5 D5 55 B1 41 8A 85 96 55 51 20 01 06 05 15 15 04 15 50 45 96 10 41 56 D5 65 D5 44 10 4A 65 55 55 55 55 55 05 55 55 55 3F DF FF FF FF FF FF 7F FF FF 46 64 56 A1 45 AA 86 59 65 05 00 57

数据包 28 (0x1C):
1C 04 6B 61 54 55 A2 85 54 41 65 34 12 B5 96 55 85 84 10 5D 65 95 45 55 15 55 40 15 55 55 4F FF FF FF FF FF FF FF FF FF E5 9C 91 A1 04 2B 4A 16 65 4A 10 00 40 A1 55 55 A6 85 14 05 95 34 11 85 97 99 65 85 14 55 17 51 55 45 54 55 55 54 51 55 37 FF FF FF FF FF FF FF FF FF E5 54 81 15 69 EB 2A 17 59 5A 24 00 60 05 45 45 EB C5 14 15 D9 20 41 D6 55 45 75 40 41 68 5A 59 55 55 55 55 55 55 55 45 0B FF FF FF FF FF FF FF FF FF 46 94 91 55 7A 84 6A 16 5A 85 08 10 61 05 55 78 EA CA 14 05 65 A8 41 55 75 45 85 04 41 65 D5 95 55 55 55 55 55 55 55 6A DF FF 7F FF FF FF F7 FF FF FF B5 91 55 50 6A 56 A6 15 97 69 20 43

数据包 29 (0x1D):
1D 0C 78 1B 05 2A 8B AA 14 11 96 A8 11 15 05 99 65 05 10 55 85 B6 14 55 15 55 55 55 55 AE 3F F5 5F FF FF FF 95 7F FF FF E5 50 55 15 7B 98 EB F5 65 60 50 02 B4 5E 14 6A 75 A7 11 45 9D 34 11 45 45 51 65 40 44 79 51 59 55 55 55 15 55 55 55 58 4F D5 53 FF CF FF D5 55 7F FF 16 51 55 15 68 6A 19 16 5E 68 04 10 7F BF 00 1B 87 BA 00 05 D5 41 05 15 56 59 49 41 11 56 58 56 99 45 55 55 55 55 51 66 8F 55 5C 81 54 F0 55 55 7F FD 19 C4 55 51 55 BA 85 66 59 54 00 34 20 A9 D0 6E A8 2A C4 41 65 81 04 55 45 91 5D 44 41 59 96 17 6D 55 55 54 54 55 55 76 8F 55 55 55 55 55 55 55 7F FE 15 14 14 54 55 BA C5 95 95 9D 40 FE

数据包 30 (0x1E):
1E 38 11 7E 45 24 2A 87 01 41 59 41 11 05 45 64 59 41 11 61 75 61 56 95 14 55 55 55 56 5B 9F 55 55 55 55 55 55 55 7F F7 58 51 45 15 55 2A C6 59 52 6A 14 04 1A 87 84 14 9A 84 55 14 05 44 10 45 45 97 98 04 45 55 69 55 16 45 55 55 55 54 59 01 07 55 55 55 55 55 55 55 7F F7 51 05 04 44 45 14 16 55 51 60 10 00 7A E1 65 04 AF 85 54 55 55 81 04 54 45 96 55 10 41 97 58 64 69 69 55 54 55 55 55 00 40 55 55 55 55 55 55 55 7F DE 15 45 14 55 55 55 43 65 D5 24 04 20 87 90 69 14 E2 C5 15 55 05 44 11 15 16 75 16 11 45 96 15 D9 51 75 95 55 51 55 64 77 44 55 55 55 55 55 55 55 7F F1 41 44 51 04 55 45 51 D5 55 35 00 5B

数据包 31 (0x1F):
1F 37 86 ED A4 54 04 04 15 55 41 71 04 04 15 99 A5 04 19 55 56 59 45 16 D4 55 55 55 58 FF F9 15 55 55 55 55 55 55 EF 45 44 51 14 51 50 71 11 59 51 41 04 04 1B D8 55 54 10 45 14 55 41 51 05 15 45 65 D5 04 11 69 49 4D 9D A5 55 51 55 49 54 FF FF 05 55 55 55 55 55 55 DD D1 14 51 45 14 2A A0 50 97 52 85 00 0B 69 1C 45 54 10 41 45 05 40 50 41 55 56 75 85 21 C4 56 59 65 94 52 19 55 55 59 54 FF FF CD 55 55 55 55 55 57 F8 64 51 45 05 05 1A A1 54 06 D1 6A 10 30 68 15 45 14 10 45 45 45 50 10 40 55 45 96 59 04 45 95 5D 96 65 15 10 55 51 56 59 3F FF EF 55 55 55 55 55 5E 7D 14 51 14 51 45 0B A1 A4 46 92 68 10 1B

数据包 32 (0x20):
20 04 11 E4 16 A0 45 15 05 55 41 04 10 55 15 16 59 10 45 E6 54 6D 19 75 56 15 55 59 65 0F FF FF D5 55 55 55 55 57 D0 44 51 44 51 4A A1 8A B0 59 A1 B7 00 0A 07 1A 14 54 10 55 04 55 41 04 10 45 55 96 74 11 05 85 96 56 5A 62 65 45 55 67 59 43 FF FF D5 55 55 55 55 5F F5 01 14 51 44 5E 69 7A 99 06 45 D6 84 0C 46 19 84 54 45 05 15 51 41 04 11 55 15 99 54 45 16 51 65 16 5D 55 B5 90 55 56 59 54 FF FF D5 55 5D 55 55 56 F5 54 00 51 45 16 BB 6F 86 85 36 A0 04 04 12 69 81 04 11 55 14 44 51 41 04 15 51 76 94 C1 18 54 55 85 96 59 46 55 85 16 5D 15 40 01 D5 55 7F 55 55 55 FF 95 57 41 14 4A E2 8A A1 85 96 65 0C 5A

数据包 33 (0x21):
21 23 81 AA 4C 44 54 55 51 55 14 55 44 51 55 55 D4 5A 15 99 E5 59 D2 61 54 95 55 64 56 05 15 44 15 55 FF D5 55 57 D7 FF 95 51 45 51 4A A1 41 62 56 9A 20 31 41 76 84 10 14 55 51 45 14 44 51 45 14 04 14 6A E6 D5 86 59 55 54 55 EB 61 59 95 55 55 15 15 55 FF 95 55 55 06 7D FF 9C 50 51 79 ED 04 98 06 99 04 04 92 27 C5 04 11 45 14 45 15 14 51 44 04 11 54 0A 16 59 5D 9C 66 55 95 55 56 5D 79 15 55 17 15 55 B5 A5 55 55 33 5D F7 D1 51 44 6A BD 56 98 15 46 00 00 C6 D9 05 05 55 15 11 45 14 54 51 55 55 51 05 51 5B 06 51 55 97 15 86 10 59 16 45 05 55 14 15 57 F9 A9 55 55 45 09 E5 34 45 14 5C 61 1A 45 A9 06 04 1F

数据包 34 (0x22):
22 04 41 81 44 10 41 14 51 45 14 51 45 05 11 45 51 52 0A 87 58 65 95 65 55 56 45 99 65 55 15 05 25 57 FD F5 55 55 45 D0 0C 51 45 14 51 44 6B 06 6A 05 38 2D 1A 41 44 10 41 04 10 51 45 11 45 04 44 51 44 46 16 84 15 19 05 81 05 05 01 00 5A 15 55 05 B5 57 F5 95 55 55 89 15 54 51 44 44 45 16 94 1A 59 42 D0 03 9A 45 85 01 41 45 14 50 51 45 14 55 14 11 15 15 51 55 11 04 50 51 45 15 54 55 15 05 55 51 45 55 55 55 55 55 45 14 51 14 51 45 10 46 05 16 8D 95 08 18 6E D6 B8 40 40 00 10 44 41 14 51 45 14 51 04 50 53 11 45 54 51 45 11 50 51 45 91 55 05 11 4D 55 55 55 55 55 CD 41 05 11 14 51 55 13 01 71 A6 95 04 2B

数据包 35 (0x23):
23 0B 68 0E 5B 14 15 44 00 01 04 10 41 04 45 45 51 04 19 14 54 45 15 45 10 55 45 04 57 45 54 05 91 55 55 55 55 57 52 45 45 14 44 50 45 14 16 A3 76 15 88 30 59 09 A0 41 55 55 15 00 04 01 14 51 41 10 55 55 14 14 51 45 14 51 55 11 14 55 55 15 55 14 50 75 55 55 55 7D 91 45 14 51 51 14 41 87 DF 7F FC 35 00 18 A6 29 A1 41 15 45 55 55 55 50 00 40 44 61 00 45 14 51 11 45 11 45 05 45 14 51 05 51 55 51 5B DE 55 55 57 5D FC 44 50 44 51 45 56 7F FD F5 F7 FF 04 04 9B 02 51 55 15 51 00 55 55 55 54 00 10 18 A1 04 14 51 44 45 14 51 45 15 45 15 44 44 41 45 65 1F FF FF FD 97 5C D4 51 51 14 50 46 7F FF FF FF FF C0 AA

数据包 36 (0x24):
24 01 A4 13 A5 54 14 54 54 05 54 55 55 55 10 41 A1 45 10 44 51 45 14 51 51 44 55 14 55 15 51 44 15 3F FF FF 65 F6 D6 14 14 45 14 51 07 DF FF FF FF FF C0 00 60 52 85 51 15 45 55 55 45 45 15 55 55 55 50 00 04 10 11 41 44 51 45 14 11 44 51 51 55 15 51 4F FF F8 05 D5 D8 51 44 51 45 15 51 7F FF FF FF FF 10 00 40 92 01 41 55 51 55 55 55 55 55 55 55 51 55 55 14 00 00 00 01 04 11 14 50 55 14 51 05 51 45 41 FF F4 50 5D 71 45 11 41 44 70 47 FF FF FF FF FF CC 10 50 E1 60 05 15 55 54 11 54 51 45 14 14 51 55 55 55 55 44 14 11 14 51 05 15 14 54 55 51 45 14 51 FF F7 54 00 15 44 51 45 14 60 5F FF FF FF FF FF 30 90

数据包 37 (0x25):
25 00 01 2A 84 01 14 44 55 15 15 55 55 15 15 15 55 56 69 55 55 55 44 00 41 44 10 41 45 11 51 45 54 54 96 78 55 55 44 55 54 54 51 D4 5F FF FF FF FF FF 24 00 04 04 D8 00 54 41 05 14 14 51 41 55 55 45 55 41 65 A7 15 64 04 10 00 01 01 01 05 10 15 14 05 57 1F C5 11 41 54 50 15 14 3A A0 4F FF FF FF FF FF C0 00 10 04 24 11 45 41 55 14 15 54 41 44 55 45 15 41 D6 58 1A 55 05 55 54 44 40 01 00 10 10 55 01 05 40 15 51 04 55 44 14 55 05 98 7F FF FF F3 FF FF 3C 10 01 45 8D 40 15 51 54 50 45 15 40 55 55 45 54 10 59 56 85 A5 11 55 51 15 55 10 41 05 04 41 11 45 11 10 55 11 41 51 15 44 46 59 FF FF FF C3 FF FF 30 20

数据包 38 (0x26):
26 00 C1 41 81 41 04 10 54 51 45 55 14 51 15 45 55 14 17 91 45 6C 50 04 05 15 55 51 55 05 00 00 50 41 05 15 04 51 54 41 14 50 5A A9 FF FF FC 04 3F FF C4 38 50 43 01 41 45 50 55 51 45 45 14 54 41 41 45 14 15 91 45 54 54 55 45 45 54 54 45 45 45 14 54 11 45 45 54 50 55 45 45 51 A7 6A FF FF FC 05 3F FF 0C 2C 40 F7 41 40 51 1C 55 51 45 15 14 55 51 45 55 54 56 5D 46 D5 11 55 51 15 15 11 51 51 15 55 10 10 01 00 01 11 01 51 14 57 A6 9C FF FF FC 50 0F FF 30 04 85 FD 00 50 60 21 04 54 15 55 41 41 44 05 55 41 44 14 05 14 45 55 50 55 55 05 15 14 14 45 05 55 54 10 40 01 41 10 10 47 DC 5B FF FF FC 00 1F FF F0 C2

数据包 39 (0x27):
27 37 99 41 10 16 98 C5 04 10 15 45 41 10 14 04 55 41 15 14 05 11 41 51 54 14 55 05 05 14 14 45 01 45 54 15 54 40 10 04 55 45 11 BB FF FF FF 14 43 FF 23 08 6E 1C 10 29 E4 DA 95 D4 14 55 41 75 D4 15 00 01 05 04 15 14 41 54 50 55 15 05 14 40 45 14 01 05 A4 14 10 41 14 40 00 14 07 C7 FF FF FF 01 03 FF 0C 0C 6F FF 00 06 99 37 2F B0 00 00 01 FF CF 7D F4 00 00 00 00 00 00 00 00 00 00 00 00 00 00 00 10 00 00 00 00 00 00 00 00 18 01 BF FF FF FF F0 47 FF F0 18 6F FF 41 4D A4 04 6D 11 45 54 07 FF FD FF 7D 14 55 51 45 54 10 55 41 05 54 11 55 51 15 54 11 55 41 05 50 11 05 41 15 A6 C1 67 FF FF FF F1 3F FF 10 8F

数据包 40 (0x28):
28 38 6F FF F0 06 D0 02 69 55 05 15 1F 7D DF FF FF C0 11 04 04 14 01 55 50 15 55 01 05 00 04 14 01 45 50 14 45 01 11 50 17 FC 06 AF FF FF FF FF FF FF 3C 33 6F CF F0 06 80 01 B2 95 41 04 7F FF FF 7D F7 50 45 10 01 44 40 55 40 05 54 00 45 04 05 28 00 45 84 07 10 00 40 40 0D 70 1F FF FF FF 3F FF FF FF 0C 13 6D 27 F0 58 DC 5A 61 D5 41 54 3D F7 7F FD FF F4 55 40 05 50 44 55 44 45 54 44 55 44 05 58 00 55 40 17 50 FF D0 40 44 51 7F FF FF FF FF FF FF FF C0 20 AD 49 41 A7 6A 6B 00 15 11 54 DF DF DD F7 FF FD 01 44 11 14 44 51 04 45 10 44 55 04 45 04 44 51 04 FF FF FF D1 04 41 10 FF FF FF FF FF FF FF FF 24 7B

数据包 41 (0x29):
29 34 F9 2B 06 C7 1B 64 00 00 14 01 F7 FF F7 DF DD DC 05 04 14 11 05 15 14 11 51 41 15 14 50 51 05 05 14 7F FF FF FD 14 11 05 FF FF FF FF FF FF FF FF 0C 07 F9 D6 06 80 9E 48 41 00 14 5F FF 75 FF 7D FF FD 05 04 14 51 05 15 14 51 51 45 15 14 10 51 05 05 14 FF FF FF FC 10 10 43 FF FF FF FF F3 FF FF FF 00 00 FD A5 19 40 6C 49 40 05 15 4F 7D FF C1 FD FB FD 45 14 14 41 41 04 50 50 45 05 04 50 10 41 01 04 53 FF FF FF FF D0 6C 4F FF FF FF FF FE FF FF FF 38 2C 69 FE BB C0 10 0A 91 15 C4 DF F7 F0 40 7F FF F0 45 14 14 45 45 44 50 14 41 05 04 50 54 45 05 04 57 FF FF FF FF D7 16 0F FF FF FF FF FF FF FF FF 04 92

数据包 42 (0x2A):
2A 1F 6D C9 E7 9C 00 01 E0 00 5F FF F7 D4 01 0F FF FC 05 14 14 45 05 14 14 50 51 41 54 14 11 41 05 14 17 FF FF FF FF 06 99 EF FF FC FF FF FF FF FF F5 1C 02 B9 49 FB 96 5C 53 E0 00 BF F7 DF 43 10 0F FF FF 45 44 10 51 01 15 14 11 51 41 15 14 10 51 01 15 1F FF CC FF FF A6 BE 7F FF FC 0B FF FF FF FC 15 20 20 6F 4B EF FF FF FC 10 40 FF DF FD F0 01 0F FF FC 15 44 00 50 44 15 04 01 50 44 15 04 01 50 40 15 0F FF C0 3F FF FB 7E FF FF FC 03 FF FF FF C2 56 08 34 9D 7B FF FF FF FC 10 41 7F FF DF C4 40 4F FF FF 15 00 01 10 40 54 40 41 50 44 54 00 04 14 04 15 3F FF C0 0F FF C6 EB FF FF C4 07 FF FF F3 95 19 00 21

数据包 43 (0x2B):
2B 03 BE B7 FF FF FF FF 31 55 AF FF FD F0 14 0F FF FF 15 10 04 04 00 53 40 05 14 00 51 00 05 14 01 04 7F FF 04 1F FF C9 EE FF FF C5 00 FF FF F2 6A A9 C0 2C 6F AF FF FF FF FF C6 55 BF FF FF FF 00 1F FF FF 00 50 15 14 00 03 00 01 10 00 00 00 01 40 00 41 FF FF C0 7F FF CB EF FF FF FC 43 FF FF C6 BD 7A D4 34 AF BF FF FF FF FF F6 55 BB FF FF FF 7D FF FF FD 00 51 55 41 11 04 41 04 04 10 44 11 10 10 57 13 7F FF DE FF FF CA EB FF FF FC 12 FF FF F5 9B 7D 30 0F 6E 7F FF FF FF FF FB D6 EB FF FF FF FF FF FF FF 51 80 55 40 10 40 01 04 10 10 40 00 01 04 05 02 9F FF FF FF FF F6 DE FF FF FF DF FF FF F9 6A A9 38 55

数据包 44 (0x2C):
2C 04 9F AF FF FF FF FF FF EF BE FF FF FF FF FF FF FC 9E 40 15 40 00 00 00 00 00 00 00 00 00 00 01 E5 3F FF FF FF FF CB FB FF FF FF 3F FF FF 3A F7 7E D0 38 AF BF FF FC FF FF FF FE 7E FF FF FF FF FF FF FC A3 64 00 11 04 55 40 05 15 05 05 04 54 51 5A FB EB FF FF FF FC EB AE FF FF FF 3F FF FF 27 EE E6 00 07 6E FF FF F0 0C FF FF CE BA FF FF FF FF FF FF FF 10 D0 00 00 04 00 40 41 04 04 10 00 00 01 0F 3A EB FF FF FF CE 9F BE FF FF FF FF FF FC EB AE B9 C8 00 6D FF FF C0 12 FF FF C9 FE AF FF FF FF FC FF FC 64 90 D4 00 41 0C 00 41 01 04 10 10 00 04 04 45 F6 FF FF FC E9 BE F9 8C FF FF FF FF CE 6B FF 7E 34 CC

数据包 45 (0x2D):
2D 3B 6E FF FF FC 04 7F FF FA FB 6F FF FF FF FC FF 09 E9 A4 31 C5 00 5D 55 44 44 00 14 40 41 05 16 69 FB BF FF F3 A7 EB BE 61 FF CF FF FF CA 7E EF 99 C0 04 9F FF FF C5 40 3F FF C6 E9 FB FF FF FF FC F2 A6 BE D9 70 04 04 30 15 41 11 00 01 04 01 4D BB BE AE AB FF CA 7E FB 9F 9A AC EF FF FF 26 FA FF F9 10 30 9F FF FF FC 51 FF FF FB EE F3 CF FF FF F2 69 BA EB 42 74 10 07 10 55 44 04 45 01 04 30 41 CF BE 7D 7E BC E6 F3 6D FD B6 69 BF FF F0 9B BB FD AD 08 30 E9 AF FF FF C0 FF FF FA DE 60 3F FF FF C1 6B 7F E5 FE C4 10 40 51 00 11 00 00 41 10 50 7D BF AF ED F9 AD A7 B1 7F FA FF F9 AF FF 0A BE EE B9 95 00 55

数据包 46 (0x2E):
2E 30 06 DF FF FF FB FF FF 3F FB 9C 0C FF FC 8A DB AE F6 F6 81 00 00 00 00 00 41 00 00 00 0F FD BF EF AE BB DA 6E 55 6F FE E8 F3 7B FC 16 E9 FB FF F7 30 04 01 6F FF FF F7 FF FF 2B FF FF 80 FF 3B 66 E7 EE B9 B5 9F 55 55 55 55 54 55 55 55 54 7D F6 FF BE FB 9E 7B 7E D9 13 FD D4 93 BE A2 AB EF B7 DB D5 00 00 45 E7 FF FF FF FF C8 DA FF FF F5 7C 1A 9E BE FB ED AF FF 55 55 51 55 55 51 55 55 55 7D FF FE BE E7 EE 9E BF D4 07 FD 74 96 BE 65 9E 7E 14 79 05 00 00 05 5F FF FF FF FF F1 9E BF FF D5 B3 9B 6F BE BB EF FE BF C0 D0 10 00 00 00 00 00 00 3F F6 BE FB 7B EF EE BA 01 34 D9 16 EE DB FB EF A1 31 55 55 00 25

数据包 47 (0x2F):
2F 02 05 13 FF FF FF FF C9 A7 9F FF F4 7F AE EB BE FA EA 7E FF FF 5D 40 00 10 00 10 00 04 F7 FF FE ED BE 9E FB 7E 74 45 04 6D B9 EB EF 9D 77 45 41 65 00 01 45 55 3F FF FF FF 25 BD E8 3F FF FF FD 67 AE FB F9 BE FF FF D0 40 00 50 00 50 00 50 DF 7F FB BE BB FA E7 BF D0 11 55 6D 7E FB AE 77 29 85 14 05 08 00 D4 01 7F 8B FF FC DB 7B E5 FF FF FF F5 ED F9 B6 FF EF FF FF C0 00 00 00 00 00 00 01 FF 3F FB EF 9E EF 9E 7F 04 61 10 97 AD BE FB E6 9E 01 95 51 00 00 14 81 4F 5B FF F2 6B E9 F6 3F FF F5 52 9E 7E FB BB FF FF FF F0 55 54 00 50 00 50 01 54 1F FE FF FB 97 7A 54 01 14 83 45 D7 A7 E9 E7 6D C0 51 58 30 DA

数据包 48 (0x30):
30 34 41 45 12 AA EB C9 A7 F4 11 1C FF F5 97 40 79 FB FF FF FF FF D5 45 14 11 14 10 40 40 54 7F FF FF BE F1 5F 70 08 11 51 41 5B 6F BE F5 E9 45 44 05 10 02 41 00 11 79 F9 E6 DA 40 55 00 FF F4 44 01 7F F5 FF FF 4D 36 58 51 00 00 00 00 40 00 41 FF FF FD FF C0 50 40 05 04 10 15 06 DE B9 A9 B6 05 05 04 04 00 48 0F 8C 7B 9E 9A 41 65 00 45 03 95 10 44 3F F5 F3 FF 51 04 40 59 00 00 00 00 00 15 55 3F FF FC FF DC 11 00 04 18 10 56 94 B1 FB 7E 6E 30 86 10 00 18 11 07 F4 06 DB F6 C4 36 81 01 00 45 10 04 3F F4 4B FD 45 14 80 50 00 50 00 50 44 50 51 4F FF C0 FF F5 15 40 50 41 42 46 D0 41 BE E7 50 05 10 45 20 A4

数据包 49 (0x31):
31 00 00 C0 0C C0 00 C0 10 00 00 00 08 00 00 40 83 00 11 00 00 00 10 00 00 00 41 01 00 00 00 03 00 20 C3 00 40 00 40 80 00 00 00 00 30 C0 00 00 00 02 10 34 40 4D 31 C7 33 44 4D 00 0C 02 04 00 00 00 0C 70 40 44 90 00 04 30 00 40 00 04 00 00 00 30 F0 04 C3 00 80 10 81 01 04 10 41 70 04 00 20 00 00 00 04 00 10 44 20 0C 40 40 41 05 04 01 00 50 00 00 04 10 00 10 45 24 31 04 00 00 00 00 05 00 00 81 04 00 B1 C4 10 80 40 04 00 04 00 84 0C 11 41 11 1C 74 00 00 00 00 0C 10 00 00 00 00 00 00 00 00 00 0C 00 10 D0 00 00 00 40 00 00 00 40 00 00 00 00 00 20 00 00 00 00 10 10 00 00 00 10 00 10 00 00 00 00 00 40 FF

数据包 50 (0x32):
32 73 63 72 65 65 6E 20 75 70 64 61 74 69 6E 67 0D 0A 45

